#Saved Data from the class wainteach_gui on 29.10.2025 at 11h46m01s.
#
#Parameters:
#===========
#
#laser setpoint (mW): 2.6600000000000001e+01
#MW limits (Hz): [2790000000.0, 2960000000.0]
#Acquisition (sample): 1000
#Average (acquisition): 10
#MW power (dBm): 6.0000000000000000e+00
#Field enabling: True
#coils currents [x, y, z] (A): [-1.062699, -0.527983, -1.333333]
#coils fields [bx, by, bz] (T): [-0.001, -0.0005, -0.002]
#coils fields [norm, theta, phi] (T, °, °): [0.002291, 150.8, 206.6]
#
#Data:
#=====
#frequency	voltage	
2.790000e+09	3.242447e+00
2.790170e+09	3.242422e+00
2.790340e+09	3.242714e+00
2.790511e+09	3.242747e+00
2.790681e+09	3.243208e+00
2.790851e+09	3.242623e+00
2.791021e+09	3.243242e+00
2.791191e+09	3.242539e+00
2.791361e+09	3.242691e+00
2.791532e+09	3.242531e+00
2.791702e+09	3.242885e+00
2.791872e+09	3.242983e+00
2.792042e+09	3.242191e+00
2.792212e+09	3.242833e+00
2.792382e+09	3.242688e+00
2.792553e+09	3.242662e+00
2.792723e+09	3.242628e+00
2.792893e+09	3.242934e+00
2.793063e+09	3.242520e+00
2.793233e+09	3.242800e+00
2.793403e+09	3.242838e+00
2.793574e+09	3.242088e+00
2.793744e+09	3.242927e+00
2.793914e+09	3.242234e+00
2.794084e+09	3.242715e+00
2.794254e+09	3.242272e+00
2.794424e+09	3.242628e+00
2.794595e+09	3.242343e+00
2.794765e+09	3.242101e+00
2.794935e+09	3.242553e+00
2.795105e+09	3.242604e+00
2.795275e+09	3.242717e+00
2.795445e+09	3.242482e+00
2.795616e+09	3.242722e+00
2.795786e+09	3.242718e+00
2.795956e+09	3.243263e+00
2.796126e+09	3.242973e+00
2.796296e+09	3.242876e+00
2.796466e+09	3.242827e+00
2.796637e+09	3.242433e+00
2.796807e+09	3.242525e+00
2.796977e+09	3.242600e+00
2.797147e+09	3.243142e+00
2.797317e+09	3.242480e+00
2.797487e+09	3.243181e+00
2.797658e+09	3.242854e+00
2.797828e+09	3.242832e+00
2.797998e+09	3.242973e+00
2.798168e+09	3.242555e+00
2.798338e+09	3.242457e+00
2.798509e+09	3.242569e+00
2.798679e+09	3.242606e+00
2.798849e+09	3.242081e+00
2.799019e+09	3.242263e+00
2.799189e+09	3.242097e+00
2.799359e+09	3.242461e+00
2.799530e+09	3.242826e+00
2.799700e+09	3.242559e+00
2.799870e+09	3.242410e+00
2.800040e+09	3.242210e+00
2.800210e+09	3.242500e+00
2.800380e+09	3.242076e+00
2.800551e+09	3.242430e+00
2.800721e+09	3.242060e+00
2.800891e+09	3.242417e+00
2.801061e+09	3.242452e+00
2.801231e+09	3.242055e+00
2.801401e+09	3.242141e+00
2.801572e+09	3.242033e+00
2.801742e+09	3.242470e+00
2.801912e+09	3.242440e+00
2.802082e+09	3.242347e+00
2.802252e+09	3.241940e+00
2.802422e+09	3.242187e+00
2.802593e+09	3.241844e+00
2.802763e+09	3.241904e+00
2.802933e+09	3.242226e+00
2.803103e+09	3.241577e+00
2.803273e+09	3.242053e+00
2.803443e+09	3.241524e+00
2.803614e+09	3.241576e+00
2.803784e+09	3.241297e+00
2.803954e+09	3.241040e+00
2.804124e+09	3.240941e+00
2.804294e+09	3.241064e+00
2.804464e+09	3.241170e+00
2.804635e+09	3.241263e+00
2.804805e+09	3.241359e+00
2.804975e+09	3.240995e+00
2.805145e+09	3.241489e+00
2.805315e+09	3.241124e+00
2.805485e+09	3.240985e+00
2.805656e+09	3.239882e+00
2.805826e+09	3.240030e+00
2.805996e+09	3.239285e+00
2.806166e+09	3.239594e+00
2.806336e+09	3.239915e+00
2.806507e+09	3.239600e+00
2.806677e+09	3.240197e+00
2.806847e+09	3.239720e+00
2.807017e+09	3.240234e+00
2.807187e+09	3.239815e+00
2.807357e+09	3.239834e+00
2.807528e+09	3.239352e+00
2.807698e+09	3.238855e+00
2.807868e+09	3.238944e+00
2.808038e+09	3.237934e+00
2.808208e+09	3.237830e+00
2.808378e+09	3.237291e+00
2.808549e+09	3.237514e+00
2.808719e+09	3.236933e+00
2.808889e+09	3.236730e+00
2.809059e+09	3.235813e+00
2.809229e+09	3.235748e+00
2.809399e+09	3.234723e+00
2.809570e+09	3.233231e+00
2.809740e+09	3.231548e+00
2.809910e+09	3.229987e+00
2.810080e+09	3.228477e+00
2.810250e+09	3.225539e+00
2.810420e+09	3.223447e+00
2.810591e+09	3.221551e+00
2.810761e+09	3.220579e+00
2.810931e+09	3.221632e+00
2.811101e+09	3.223031e+00
2.811271e+09	3.224974e+00
2.811441e+09	3.226109e+00
2.811612e+09	3.227264e+00
2.811782e+09	3.227595e+00
2.811952e+09	3.227099e+00
2.812122e+09	3.226028e+00
2.812292e+09	3.224159e+00
2.812462e+09	3.221564e+00
2.812633e+09	3.219376e+00
2.812803e+09	3.217711e+00
2.812973e+09	3.217626e+00
2.813143e+09	3.220084e+00
2.813313e+09	3.222358e+00
2.813483e+09	3.224715e+00
2.813654e+09	3.225769e+00
2.813824e+09	3.227247e+00
2.813994e+09	3.227352e+00
2.814164e+09	3.226588e+00
2.814334e+09	3.225503e+00
2.814505e+09	3.223606e+00
2.814675e+09	3.221666e+00
2.814845e+09	3.219664e+00
2.815015e+09	3.219142e+00
2.815185e+09	3.220080e+00
2.815355e+09	3.222612e+00
2.815526e+09	3.225321e+00
2.815696e+09	3.227921e+00
2.815866e+09	3.230342e+00
2.816036e+09	3.232035e+00
2.816206e+09	3.233466e+00
2.816376e+09	3.234190e+00
2.816547e+09	3.235299e+00
2.816717e+09	3.236005e+00
2.816887e+09	3.236485e+00
2.817057e+09	3.236457e+00
2.817227e+09	3.236343e+00
2.817397e+09	3.236767e+00
2.817568e+09	3.236294e+00
2.817738e+09	3.236727e+00
2.817908e+09	3.236878e+00
2.818078e+09	3.237296e+00
2.818248e+09	3.237592e+00
2.818418e+09	3.238445e+00
2.818589e+09	3.238696e+00
2.818759e+09	3.238696e+00
2.818929e+09	3.239202e+00
2.819099e+09	3.239335e+00
2.819269e+09	3.239277e+00
2.819439e+09	3.239195e+00
2.819610e+09	3.238976e+00
2.819780e+09	3.239261e+00
2.819950e+09	3.239694e+00
2.820120e+09	3.239671e+00
2.820290e+09	3.239347e+00
2.820460e+09	3.239840e+00
2.820631e+09	3.239948e+00
2.820801e+09	3.240255e+00
2.820971e+09	3.240048e+00
2.821141e+09	3.240058e+00
2.821311e+09	3.239559e+00
2.821481e+09	3.239689e+00
2.821652e+09	3.238991e+00
2.821822e+09	3.238472e+00
2.821992e+09	3.238556e+00
2.822162e+09	3.238694e+00
2.822332e+09	3.238737e+00
2.822503e+09	3.238283e+00
2.822673e+09	3.238773e+00
2.822843e+09	3.239047e+00
2.823013e+09	3.239414e+00
2.823183e+09	3.239545e+00
2.823353e+09	3.239602e+00
2.823524e+09	3.239237e+00
2.823694e+09	3.239399e+00
2.823864e+09	3.238542e+00
2.824034e+09	3.238141e+00
2.824204e+09	3.238724e+00
2.824374e+09	3.238163e+00
2.824545e+09	3.239017e+00
2.824715e+09	3.238763e+00
2.824885e+09	3.238259e+00
2.825055e+09	3.238207e+00
2.825225e+09	3.238558e+00
2.825395e+09	3.238530e+00
2.825566e+09	3.238284e+00
2.825736e+09	3.238116e+00
2.825906e+09	3.237548e+00
2.826076e+09	3.237238e+00
2.826246e+09	3.236719e+00
2.826416e+09	3.236431e+00
2.826587e+09	3.236241e+00
2.826757e+09	3.236085e+00
2.826927e+09	3.235152e+00
2.827097e+09	3.235008e+00
2.827267e+09	3.234660e+00
2.827437e+09	3.233461e+00
2.827608e+09	3.232793e+00
2.827778e+09	3.230966e+00
2.827948e+09	3.229442e+00
2.828118e+09	3.227505e+00
2.828288e+09	3.225616e+00
2.828458e+09	3.223230e+00
2.828629e+09	3.220250e+00
2.828799e+09	3.218256e+00
2.828969e+09	3.217244e+00
2.829139e+09	3.217726e+00
2.829309e+09	3.219178e+00
2.829479e+09	3.221283e+00
2.829650e+09	3.222890e+00
2.829820e+09	3.224527e+00
2.829990e+09	3.224672e+00
2.830160e+09	3.224643e+00
2.830330e+09	3.223467e+00
2.830501e+09	3.221942e+00
2.830671e+09	3.219442e+00
2.830841e+09	3.216930e+00
2.831011e+09	3.215377e+00
2.831181e+09	3.215237e+00
2.831351e+09	3.216922e+00
2.831522e+09	3.218489e+00
2.831692e+09	3.220974e+00
2.831862e+09	3.222779e+00
2.832032e+09	3.224151e+00
2.832202e+09	3.224839e+00
2.832372e+09	3.224534e+00
2.832543e+09	3.223535e+00
2.832713e+09	3.222026e+00
2.832883e+09	3.220249e+00
2.833053e+09	3.218103e+00
2.833223e+09	3.217381e+00
2.833393e+09	3.217902e+00
2.833564e+09	3.220115e+00
2.833734e+09	3.222310e+00
2.833904e+09	3.225129e+00
2.834074e+09	3.227615e+00
2.834244e+09	3.229514e+00
2.834414e+09	3.231501e+00
2.834585e+09	3.232532e+00
2.834755e+09	3.233673e+00
2.834925e+09	3.233634e+00
2.835095e+09	3.234443e+00
2.835265e+09	3.234543e+00
2.835435e+09	3.233596e+00
2.835606e+09	3.233869e+00
2.835776e+09	3.234528e+00
2.835946e+09	3.233987e+00
2.836116e+09	3.234177e+00
2.836286e+09	3.234983e+00
2.836456e+09	3.235798e+00
2.836627e+09	3.236826e+00
2.836797e+09	3.236419e+00
2.836967e+09	3.236168e+00
2.837137e+09	3.235742e+00
2.837307e+09	3.236228e+00
2.837477e+09	3.235815e+00
2.837648e+09	3.235708e+00
2.837818e+09	3.236776e+00
2.837988e+09	3.236273e+00
2.838158e+09	3.236767e+00
2.838328e+09	3.237029e+00
2.838498e+09	3.236838e+00
2.838669e+09	3.236331e+00
2.838839e+09	3.236477e+00
2.839009e+09	3.236343e+00
2.839179e+09	3.236435e+00
2.839349e+09	3.236180e+00
2.839520e+09	3.235705e+00
2.839690e+09	3.235614e+00
2.839860e+09	3.234867e+00
2.840030e+09	3.234364e+00
2.840200e+09	3.233836e+00
2.840370e+09	3.233483e+00
2.840541e+09	3.232555e+00
2.840711e+09	3.231467e+00
2.840881e+09	3.230492e+00
2.841051e+09	3.228546e+00
2.841221e+09	3.227255e+00
2.841391e+09	3.224496e+00
2.841562e+09	3.222033e+00
2.841732e+09	3.218888e+00
2.841902e+09	3.216918e+00
2.842072e+09	3.215516e+00
2.842242e+09	3.215667e+00
2.842412e+09	3.218337e+00
2.842583e+09	3.220712e+00
2.842753e+09	3.223000e+00
2.842923e+09	3.224091e+00
2.843093e+09	3.224184e+00
2.843263e+09	3.224148e+00
2.843433e+09	3.223603e+00
2.843604e+09	3.221591e+00
2.843774e+09	3.219048e+00
2.843944e+09	3.216342e+00
2.844114e+09	3.214760e+00
2.844284e+09	3.214391e+00
2.844454e+09	3.215894e+00
2.844625e+09	3.218752e+00
2.844795e+09	3.221467e+00
2.844965e+09	3.223791e+00
2.845135e+09	3.224643e+00
2.845305e+09	3.224995e+00
2.845475e+09	3.224787e+00
2.845646e+09	3.223309e+00
2.845816e+09	3.221678e+00
2.845986e+09	3.219543e+00
2.846156e+09	3.217296e+00
2.846326e+09	3.216327e+00
2.846496e+09	3.217510e+00
2.846667e+09	3.220017e+00
2.846837e+09	3.222572e+00
2.847007e+09	3.225948e+00
2.847177e+09	3.228719e+00
2.847347e+09	3.230707e+00
2.847518e+09	3.232155e+00
2.847688e+09	3.233275e+00
2.847858e+09	3.234036e+00
2.848028e+09	3.235126e+00
2.848198e+09	3.235322e+00
2.848368e+09	3.235232e+00
2.848539e+09	3.235624e+00
2.848709e+09	3.235504e+00
2.848879e+09	3.235139e+00
2.849049e+09	3.234300e+00
2.849219e+09	3.235001e+00
2.849389e+09	3.235843e+00
2.849560e+09	3.236941e+00
2.849730e+09	3.237279e+00
2.849900e+09	3.237713e+00
2.850070e+09	3.237872e+00
2.850240e+09	3.238093e+00
2.850410e+09	3.238612e+00
2.850581e+09	3.238970e+00
2.850751e+09	3.239211e+00
2.850921e+09	3.238645e+00
2.851091e+09	3.239249e+00
2.851261e+09	3.238447e+00
2.851431e+09	3.239091e+00
2.851602e+09	3.239034e+00
2.851772e+09	3.239383e+00
2.851942e+09	3.239401e+00
2.852112e+09	3.239225e+00
2.852282e+09	3.239371e+00
2.852452e+09	3.238944e+00
2.852623e+09	3.238916e+00
2.852793e+09	3.238832e+00
2.852963e+09	3.239276e+00
2.853133e+09	3.239001e+00
2.853303e+09	3.239014e+00
2.853473e+09	3.238973e+00
2.853644e+09	3.238541e+00
2.853814e+09	3.239323e+00
2.853984e+09	3.239293e+00
2.854154e+09	3.239344e+00
2.854324e+09	3.238537e+00
2.854494e+09	3.238583e+00
2.854665e+09	3.238037e+00
2.854835e+09	3.238150e+00
2.855005e+09	3.238495e+00
2.855175e+09	3.238214e+00
2.855345e+09	3.238212e+00
2.855516e+09	3.238515e+00
2.855686e+09	3.237914e+00
2.855856e+09	3.237905e+00
2.856026e+09	3.238315e+00
2.856196e+09	3.237662e+00
2.856366e+09	3.237931e+00
2.856537e+09	3.237488e+00
2.856707e+09	3.237086e+00
2.856877e+09	3.236642e+00
2.857047e+09	3.236621e+00
2.857217e+09	3.236323e+00
2.857387e+09	3.235584e+00
2.857558e+09	3.235178e+00
2.857728e+09	3.234577e+00
2.857898e+09	3.234777e+00
2.858068e+09	3.233317e+00
2.858238e+09	3.233109e+00
2.858408e+09	3.232009e+00
2.858579e+09	3.230237e+00
2.858749e+09	3.228258e+00
2.858919e+09	3.225301e+00
2.859089e+09	3.222899e+00
2.859259e+09	3.220481e+00
2.859429e+09	3.218298e+00
2.859600e+09	3.216036e+00
2.859770e+09	3.215861e+00
2.859940e+09	3.217403e+00
2.860110e+09	3.219607e+00
2.860280e+09	3.221733e+00
2.860450e+09	3.222652e+00
2.860621e+09	3.224016e+00
2.860791e+09	3.223765e+00
2.860961e+09	3.223274e+00
2.861131e+09	3.221851e+00
2.861301e+09	3.219513e+00
2.861471e+09	3.217372e+00
2.861642e+09	3.215228e+00
2.861812e+09	3.214439e+00
2.861982e+09	3.214772e+00
2.862152e+09	3.217384e+00
2.862322e+09	3.219778e+00
2.862492e+09	3.222281e+00
2.862663e+09	3.223182e+00
2.862833e+09	3.224382e+00
2.863003e+09	3.224532e+00
2.863173e+09	3.224201e+00
2.863343e+09	3.223236e+00
2.863514e+09	3.220800e+00
2.863684e+09	3.218905e+00
2.863854e+09	3.217672e+00
2.864024e+09	3.217681e+00
2.864194e+09	3.219177e+00
2.864364e+09	3.221740e+00
2.864535e+09	3.224844e+00
2.864705e+09	3.227880e+00
2.864875e+09	3.230297e+00
2.865045e+09	3.231898e+00
2.865215e+09	3.233316e+00
2.865385e+09	3.234236e+00
2.865556e+09	3.235102e+00
2.865726e+09	3.235042e+00
2.865896e+09	3.235714e+00
2.866066e+09	3.235868e+00
2.866236e+09	3.236092e+00
2.866406e+09	3.235793e+00
2.866577e+09	3.235394e+00
2.866747e+09	3.235674e+00
2.866917e+09	3.236475e+00
2.867087e+09	3.237354e+00
2.867257e+09	3.237949e+00
2.867427e+09	3.238374e+00
2.867598e+09	3.238704e+00
2.867768e+09	3.239139e+00
2.867938e+09	3.239067e+00
2.868108e+09	3.239208e+00
2.868278e+09	3.239479e+00
2.868448e+09	3.239094e+00
2.868619e+09	3.240085e+00
2.868789e+09	3.239724e+00
2.868959e+09	3.240175e+00
2.869129e+09	3.240200e+00
2.869299e+09	3.240638e+00
2.869469e+09	3.240242e+00
2.869640e+09	3.240556e+00
2.869810e+09	3.240455e+00
2.869980e+09	3.240533e+00
2.870150e+09	3.240728e+00
2.870320e+09	3.240286e+00
2.870490e+09	3.240724e+00
2.870661e+09	3.240488e+00
2.870831e+09	3.241479e+00
2.871001e+09	3.241344e+00
2.871171e+09	3.241395e+00
2.871341e+09	3.241589e+00
2.871512e+09	3.241454e+00
2.871682e+09	3.241671e+00
2.871852e+09	3.241395e+00
2.872022e+09	3.241452e+00
2.872192e+09	3.241411e+00
2.872362e+09	3.241560e+00
2.872533e+09	3.241099e+00
2.872703e+09	3.241375e+00
2.872873e+09	3.241647e+00
2.873043e+09	3.241811e+00
2.873213e+09	3.241756e+00
2.873383e+09	3.241237e+00
2.873554e+09	3.241268e+00
2.873724e+09	3.241175e+00
2.873894e+09	3.241383e+00
2.874064e+09	3.240732e+00
2.874234e+09	3.240893e+00
2.874404e+09	3.241311e+00
2.874575e+09	3.241573e+00
2.874745e+09	3.241438e+00
2.874915e+09	3.240847e+00
2.875085e+09	3.240448e+00
2.875255e+09	3.240885e+00
2.875425e+09	3.240512e+00
2.875596e+09	3.239719e+00
2.875766e+09	3.239406e+00
2.875936e+09	3.239541e+00
2.876106e+09	3.239544e+00
2.876276e+09	3.239891e+00
2.876446e+09	3.240135e+00
2.876617e+09	3.240313e+00
2.876787e+09	3.240381e+00
2.876957e+09	3.240203e+00
2.877127e+09	3.239397e+00
2.877297e+09	3.239690e+00
2.877467e+09	3.239497e+00
2.877638e+09	3.239644e+00
2.877808e+09	3.239275e+00
2.877978e+09	3.239130e+00
2.878148e+09	3.239034e+00
2.878318e+09	3.238503e+00
2.878488e+09	3.238376e+00
2.878659e+09	3.237480e+00
2.878829e+09	3.237112e+00
2.878999e+09	3.236714e+00
2.879169e+09	3.236735e+00
2.879339e+09	3.235706e+00
2.879510e+09	3.235158e+00
2.879680e+09	3.233697e+00
2.879850e+09	3.232808e+00
2.880020e+09	3.230491e+00
2.880190e+09	3.227930e+00
2.880360e+09	3.225193e+00
2.880531e+09	3.221559e+00
2.880701e+09	3.219913e+00
2.880871e+09	3.218729e+00
2.881041e+09	3.220582e+00
2.881211e+09	3.222764e+00
2.881381e+09	3.224942e+00
2.881552e+09	3.226589e+00
2.881722e+09	3.227157e+00
2.881892e+09	3.227456e+00
2.882062e+09	3.227383e+00
2.882232e+09	3.226261e+00
2.882402e+09	3.223247e+00
2.882573e+09	3.220399e+00
2.882743e+09	3.217807e+00
2.882913e+09	3.216907e+00
2.883083e+09	3.217277e+00
2.883253e+09	3.219638e+00
2.883423e+09	3.222360e+00
2.883594e+09	3.224675e+00
2.883764e+09	3.226416e+00
2.883934e+09	3.227066e+00
2.884104e+09	3.227227e+00
2.884274e+09	3.226394e+00
2.884444e+09	3.225417e+00
2.884615e+09	3.222942e+00
2.884785e+09	3.220403e+00
2.884955e+09	3.218390e+00
2.885125e+09	3.218151e+00
2.885295e+09	3.220054e+00
2.885465e+09	3.222271e+00
2.885636e+09	3.225369e+00
2.885806e+09	3.228348e+00
2.885976e+09	3.230371e+00
2.886146e+09	3.232092e+00
2.886316e+09	3.232833e+00
2.886486e+09	3.234256e+00
2.886657e+09	3.235344e+00
2.886827e+09	3.235532e+00
2.886997e+09	3.235586e+00
2.887167e+09	3.236191e+00
2.887337e+09	3.236070e+00
2.887508e+09	3.236225e+00
2.887678e+09	3.235416e+00
2.887848e+09	3.235535e+00
2.888018e+09	3.236016e+00
2.888188e+09	3.237181e+00
2.888358e+09	3.237335e+00
2.888529e+09	3.237806e+00
2.888699e+09	3.238440e+00
2.888869e+09	3.238820e+00
2.889039e+09	3.239537e+00
2.889209e+09	3.239560e+00
2.889379e+09	3.239308e+00
2.889550e+09	3.239334e+00
2.889720e+09	3.239569e+00
2.889890e+09	3.239849e+00
2.890060e+09	3.239471e+00
2.890230e+09	3.239904e+00
2.890400e+09	3.239877e+00
2.890571e+09	3.239721e+00
2.890741e+09	3.239762e+00
2.890911e+09	3.239752e+00
2.891081e+09	3.239893e+00
2.891251e+09	3.240141e+00
2.891421e+09	3.239913e+00
2.891592e+09	3.239425e+00
2.891762e+09	3.239653e+00
2.891932e+09	3.239566e+00
2.892102e+09	3.239904e+00
2.892272e+09	3.239268e+00
2.892442e+09	3.239592e+00
2.892613e+09	3.239169e+00
2.892783e+09	3.239424e+00
2.892953e+09	3.239454e+00
2.893123e+09	3.239170e+00
2.893293e+09	3.239693e+00
2.893463e+09	3.239363e+00
2.893634e+09	3.239716e+00
2.893804e+09	3.239297e+00
2.893974e+09	3.239578e+00
2.894144e+09	3.239710e+00
2.894314e+09	3.239545e+00
2.894484e+09	3.239276e+00
2.894655e+09	3.239693e+00
2.894825e+09	3.239518e+00
2.894995e+09	3.238835e+00
2.895165e+09	3.238360e+00
2.895335e+09	3.237765e+00
2.895506e+09	3.237837e+00
2.895676e+09	3.237457e+00
2.895846e+09	3.237394e+00
2.896016e+09	3.237007e+00
2.896186e+09	3.236666e+00
2.896356e+09	3.236508e+00
2.896527e+09	3.235840e+00
2.896697e+09	3.234017e+00
2.896867e+09	3.232724e+00
2.897037e+09	3.230657e+00
2.897207e+09	3.228219e+00
2.897377e+09	3.224969e+00
2.897548e+09	3.221854e+00
2.897718e+09	3.220026e+00
2.897888e+09	3.220579e+00
2.898058e+09	3.223264e+00
2.898228e+09	3.225795e+00
2.898398e+09	3.227829e+00
2.898569e+09	3.229699e+00
2.898739e+09	3.230060e+00
2.898909e+09	3.230353e+00
2.899079e+09	3.229305e+00
2.899249e+09	3.228066e+00
2.899419e+09	3.226199e+00
2.899590e+09	3.223437e+00
2.899760e+09	3.220562e+00
2.899930e+09	3.219974e+00
2.900100e+09	3.221486e+00
2.900270e+09	3.224302e+00
2.900440e+09	3.226586e+00
2.900611e+09	3.228705e+00
2.900781e+09	3.229752e+00
2.900951e+09	3.230325e+00
2.901121e+09	3.230545e+00
2.901291e+09	3.230133e+00
2.901461e+09	3.228580e+00
2.901632e+09	3.226116e+00
2.901802e+09	3.223514e+00
2.901972e+09	3.221553e+00
2.902142e+09	3.220946e+00
2.902312e+09	3.223189e+00
2.902482e+09	3.226061e+00
2.902653e+09	3.229453e+00
2.902823e+09	3.231342e+00
2.902993e+09	3.233064e+00
2.903163e+09	3.234198e+00
2.903333e+09	3.235426e+00
2.903504e+09	3.235763e+00
2.903674e+09	3.236650e+00
2.903844e+09	3.237074e+00
2.904014e+09	3.237316e+00
2.904184e+09	3.237580e+00
2.904354e+09	3.237031e+00
2.904525e+09	3.235984e+00
2.904695e+09	3.236018e+00
2.904865e+09	3.236233e+00
2.905035e+09	3.236172e+00
2.905205e+09	3.236875e+00
2.905375e+09	3.237277e+00
2.905546e+09	3.237906e+00
2.905716e+09	3.238820e+00
2.905886e+09	3.238413e+00
2.906056e+09	3.238815e+00
2.906226e+09	3.239137e+00
2.906396e+09	3.238914e+00
2.906567e+09	3.238167e+00
2.906737e+09	3.238440e+00
2.906907e+09	3.238340e+00
2.907077e+09	3.238591e+00
2.907247e+09	3.238443e+00
2.907417e+09	3.238135e+00
2.907588e+09	3.237463e+00
2.907758e+09	3.237904e+00
2.907928e+09	3.237615e+00
2.908098e+09	3.237401e+00
2.908268e+09	3.237608e+00
2.908438e+09	3.236591e+00
2.908609e+09	3.235829e+00
2.908779e+09	3.235389e+00
2.908949e+09	3.233879e+00
2.909119e+09	3.232321e+00
2.909289e+09	3.230828e+00
2.909459e+09	3.228522e+00
2.909630e+09	3.225479e+00
2.909800e+09	3.222439e+00
2.909970e+09	3.221770e+00
2.910140e+09	3.222381e+00
2.910310e+09	3.225054e+00
2.910480e+09	3.227417e+00
2.910651e+09	3.229200e+00
2.910821e+09	3.230609e+00
2.910991e+09	3.231827e+00
2.911161e+09	3.230961e+00
2.911331e+09	3.229653e+00
2.911502e+09	3.228420e+00
2.911672e+09	3.226280e+00
2.911842e+09	3.223750e+00
2.912012e+09	3.221563e+00
2.912182e+09	3.220745e+00
2.912352e+09	3.222382e+00
2.912523e+09	3.225463e+00
2.912693e+09	3.227391e+00
2.912863e+09	3.229584e+00
2.913033e+09	3.230607e+00
2.913203e+09	3.231273e+00
2.913373e+09	3.230690e+00
2.913544e+09	3.229779e+00
2.913714e+09	3.228005e+00
2.913884e+09	3.225896e+00
2.914054e+09	3.223749e+00
2.914224e+09	3.221667e+00
2.914394e+09	3.222011e+00
2.914565e+09	3.224318e+00
2.914735e+09	3.227414e+00
2.914905e+09	3.230117e+00
2.915075e+09	3.232450e+00
2.915245e+09	3.233979e+00
2.915415e+09	3.234987e+00
2.915586e+09	3.236352e+00
2.915756e+09	3.236231e+00
2.915926e+09	3.237176e+00
2.916096e+09	3.237076e+00
2.916266e+09	3.237777e+00
2.916436e+09	3.237176e+00
2.916607e+09	3.237358e+00
2.916777e+09	3.237368e+00
2.916947e+09	3.237190e+00
2.917117e+09	3.237531e+00
2.917287e+09	3.237970e+00
2.917457e+09	3.238616e+00
2.917628e+09	3.238766e+00
2.917798e+09	3.239725e+00
2.917968e+09	3.239030e+00
2.918138e+09	3.239379e+00
2.918308e+09	3.239615e+00
2.918478e+09	3.240035e+00
2.918649e+09	3.240053e+00
2.918819e+09	3.240022e+00
2.918989e+09	3.239642e+00
2.919159e+09	3.240196e+00
2.919329e+09	3.239974e+00
2.919499e+09	3.239776e+00
2.919670e+09	3.240148e+00
2.919840e+09	3.240429e+00
2.920010e+09	3.240374e+00
2.920180e+09	3.240457e+00
2.920350e+09	3.240222e+00
2.920521e+09	3.240251e+00
2.920691e+09	3.240535e+00
2.920861e+09	3.241011e+00
2.921031e+09	3.240392e+00
2.921201e+09	3.239545e+00
2.921371e+09	3.239988e+00
2.921542e+09	3.239640e+00
2.921712e+09	3.239541e+00
2.921882e+09	3.240120e+00
2.922052e+09	3.240233e+00
2.922222e+09	3.240263e+00
2.922392e+09	3.240914e+00
2.922563e+09	3.240317e+00
2.922733e+09	3.240405e+00
2.922903e+09	3.240237e+00
2.923073e+09	3.240109e+00
2.923243e+09	3.239555e+00
2.923413e+09	3.239970e+00
2.923584e+09	3.239781e+00
2.923754e+09	3.239263e+00
2.923924e+09	3.239973e+00
2.924094e+09	3.239286e+00
2.924264e+09	3.238587e+00
2.924434e+09	3.238861e+00
2.924605e+09	3.238497e+00
2.924775e+09	3.237910e+00
2.924945e+09	3.237520e+00
2.925115e+09	3.236599e+00
2.925285e+09	3.235984e+00
2.925455e+09	3.235165e+00
2.925626e+09	3.233468e+00
2.925796e+09	3.231470e+00
2.925966e+09	3.229564e+00
2.926136e+09	3.227155e+00
2.926306e+09	3.224359e+00
2.926476e+09	3.223816e+00
2.926647e+09	3.225185e+00
2.926817e+09	3.227479e+00
2.926987e+09	3.229678e+00
2.927157e+09	3.231115e+00
2.927327e+09	3.232080e+00
2.927497e+09	3.232839e+00
2.927668e+09	3.233056e+00
2.927838e+09	3.231563e+00
2.928008e+09	3.230521e+00
2.928178e+09	3.227814e+00
2.928348e+09	3.224827e+00
2.928519e+09	3.223085e+00
2.928689e+09	3.223480e+00
2.928859e+09	3.225689e+00
2.929029e+09	3.228502e+00
2.929199e+09	3.231322e+00
2.929369e+09	3.232622e+00
2.929540e+09	3.233206e+00
2.929710e+09	3.233621e+00
2.929880e+09	3.232896e+00
2.930050e+09	3.231744e+00
2.930220e+09	3.229991e+00
2.930390e+09	3.227879e+00
2.930561e+09	3.225537e+00
2.930731e+09	3.224850e+00
2.930901e+09	3.225612e+00
2.931071e+09	3.228246e+00
2.931241e+09	3.231494e+00
2.931411e+09	3.233772e+00
2.931582e+09	3.235154e+00
2.931752e+09	3.236786e+00
2.931922e+09	3.237461e+00
2.932092e+09	3.238342e+00
2.932262e+09	3.239331e+00
2.932432e+09	3.238794e+00
2.932603e+09	3.238877e+00
2.932773e+09	3.239419e+00
2.932943e+09	3.239563e+00
2.933113e+09	3.239510e+00
2.933283e+09	3.239736e+00
2.933453e+09	3.239557e+00
2.933624e+09	3.240095e+00
2.933794e+09	3.240857e+00
2.933964e+09	3.240330e+00
2.934134e+09	3.240541e+00
2.934304e+09	3.240992e+00
2.934474e+09	3.241076e+00
2.934645e+09	3.241341e+00
2.934815e+09	3.241251e+00
2.934985e+09	3.241080e+00
2.935155e+09	3.241697e+00
2.935325e+09	3.241120e+00
2.935495e+09	3.241165e+00
2.935666e+09	3.241437e+00
2.935836e+09	3.241348e+00
2.936006e+09	3.241566e+00
2.936176e+09	3.241918e+00
2.936346e+09	3.242118e+00
2.936517e+09	3.242022e+00
2.936687e+09	3.241948e+00
2.936857e+09	3.242078e+00
2.937027e+09	3.241980e+00
2.937197e+09	3.241761e+00
2.937367e+09	3.241947e+00
2.937538e+09	3.242154e+00
2.937708e+09	3.241891e+00
2.937878e+09	3.241669e+00
2.938048e+09	3.241998e+00
2.938218e+09	3.242459e+00
2.938388e+09	3.242468e+00
2.938559e+09	3.242777e+00
2.938729e+09	3.242875e+00
2.938899e+09	3.242746e+00
2.939069e+09	3.242844e+00
2.939239e+09	3.242520e+00
2.939409e+09	3.242705e+00
2.939580e+09	3.242622e+00
2.939750e+09	3.242634e+00
2.939920e+09	3.242589e+00
2.940090e+09	3.242378e+00
2.940260e+09	3.242601e+00
2.940430e+09	3.242572e+00
2.940601e+09	3.242705e+00
2.940771e+09	3.242961e+00
2.940941e+09	3.242783e+00
2.941111e+09	3.242987e+00
2.941281e+09	3.243067e+00
2.941451e+09	3.242726e+00
2.941622e+09	3.242606e+00
2.941792e+09	3.242627e+00
2.941962e+09	3.243088e+00
2.942132e+09	3.242872e+00
2.942302e+09	3.243081e+00
2.942472e+09	3.243023e+00
2.942643e+09	3.242940e+00
2.942813e+09	3.243031e+00
2.942983e+09	3.242912e+00
2.943153e+09	3.242327e+00
2.943323e+09	3.243048e+00
2.943493e+09	3.242718e+00
2.943664e+09	3.242409e+00
2.943834e+09	3.242125e+00
2.944004e+09	3.243021e+00
2.944174e+09	3.243303e+00
2.944344e+09	3.242915e+00
2.944515e+09	3.242850e+00
2.944685e+09	3.242662e+00
2.944855e+09	3.242622e+00
2.945025e+09	3.242864e+00
2.945195e+09	3.242556e+00
2.945365e+09	3.242706e+00
2.945536e+09	3.242697e+00
2.945706e+09	3.242753e+00
2.945876e+09	3.243317e+00
2.946046e+09	3.243247e+00
2.946216e+09	3.243009e+00
2.946386e+09	3.242914e+00
2.946557e+09	3.242778e+00
2.946727e+09	3.242409e+00
2.946897e+09	3.242755e+00
2.947067e+09	3.242214e+00
2.947237e+09	3.242184e+00
2.947407e+09	3.242674e+00
2.947578e+09	3.242962e+00
2.947748e+09	3.242623e+00
2.947918e+09	3.242683e+00
2.948088e+09	3.243241e+00
2.948258e+09	3.242574e+00
2.948428e+09	3.242622e+00
2.948599e+09	3.242959e+00
2.948769e+09	3.242510e+00
2.948939e+09	3.242788e+00
2.949109e+09	3.242646e+00
2.949279e+09	3.242540e+00
2.949449e+09	3.242669e+00
2.949620e+09	3.243004e+00
2.949790e+09	3.242750e+00
2.949960e+09	3.242983e+00
2.950130e+09	3.242447e+00
2.950300e+09	3.242618e+00
2.950470e+09	3.242610e+00
2.950641e+09	3.242598e+00
2.950811e+09	3.242546e+00
2.950981e+09	3.242724e+00
2.951151e+09	3.243093e+00
2.951321e+09	3.242899e+00
2.951491e+09	3.242996e+00
2.951662e+09	3.243027e+00
2.951832e+09	3.242857e+00
2.952002e+09	3.242832e+00
2.952172e+09	3.242747e+00
2.952342e+09	3.242724e+00
2.952513e+09	3.243047e+00
2.952683e+09	3.243278e+00
2.952853e+09	3.242854e+00
2.953023e+09	3.242626e+00
2.953193e+09	3.243144e+00
2.953363e+09	3.243235e+00
2.953534e+09	3.242759e+00
2.953704e+09	3.243066e+00
2.953874e+09	3.242372e+00
2.954044e+09	3.242526e+00
2.954214e+09	3.242370e+00
2.954384e+09	3.242790e+00
2.954555e+09	3.242467e+00
2.954725e+09	3.242588e+00
2.954895e+09	3.242755e+00
2.955065e+09	3.242493e+00
2.955235e+09	3.242866e+00
2.955405e+09	3.242443e+00
2.955576e+09	3.242887e+00
2.955746e+09	3.243109e+00
2.955916e+09	3.242525e+00
2.956086e+09	3.242539e+00
2.956256e+09	3.242727e+00
2.956426e+09	3.242759e+00
2.956597e+09	3.242613e+00
2.956767e+09	3.242614e+00
2.956937e+09	3.242935e+00
2.957107e+09	3.242638e+00
2.957277e+09	3.243144e+00
2.957447e+09	3.242918e+00
2.957618e+09	3.242744e+00
2.957788e+09	3.242689e+00
2.957958e+09	3.242630e+00
2.958128e+09	3.242283e+00
2.958298e+09	3.242671e+00
2.958468e+09	3.242486e+00
2.958639e+09	3.242464e+00
2.958809e+09	3.242563e+00
2.958979e+09	3.242722e+00
2.959149e+09	3.242562e+00
2.959319e+09	3.242507e+00
2.959489e+09	3.242525e+00
2.959660e+09	3.242381e+00
2.959830e+09	3.242439e+00
2.960000e+09	3.242088e+00
