#Saved Data from the class wainteach_gui on 29.10.2025 at 11h11m07s.
#
#Parameters:
#===========
#
#laser setpoint (mW): 2.6600000000000001e+01
#MW limits (Hz): [2790000000.0, 2960000000.0]
#Acquisition (sample): 1000
#Average (acquisition): 3
#MW power (dBm): 1.3000000000000000e+01
#Field enabling: True
#coils currents [x, y, z] (A): [1.062699, 0.527983, 1.34]
#coils fields [bx, by, bz] (T): [0.001, 0.0005, 0.00201]
#coils fields [norm, theta, phi] (T, °, °): [0.0023, 29.1, 26.6]
#
#Data:
#=====
#frequency	voltage	
2.790000e+09	3.311692e+00
2.790170e+09	3.311017e+00
2.790340e+09	3.311315e+00
2.790511e+09	3.311721e+00
2.790681e+09	3.311960e+00
2.790851e+09	3.311762e+00
2.791021e+09	3.311246e+00
2.791191e+09	3.312032e+00
2.791361e+09	3.311334e+00
2.791532e+09	3.311676e+00
2.791702e+09	3.311257e+00
2.791872e+09	3.312197e+00
2.792042e+09	3.311495e+00
2.792212e+09	3.311962e+00
2.792382e+09	3.311001e+00
2.792553e+09	3.311374e+00
2.792723e+09	3.311936e+00
2.792893e+09	3.312000e+00
2.793063e+09	3.311829e+00
2.793233e+09	3.311022e+00
2.793403e+09	3.311400e+00
2.793574e+09	3.311453e+00
2.793744e+09	3.311095e+00
2.793914e+09	3.310786e+00
2.794084e+09	3.311721e+00
2.794254e+09	3.311572e+00
2.794424e+09	3.311798e+00
2.794595e+09	3.311663e+00
2.794765e+09	3.311156e+00
2.794935e+09	3.311065e+00
2.795105e+09	3.311322e+00
2.795275e+09	3.310331e+00
2.795445e+09	3.310767e+00
2.795616e+09	3.311772e+00
2.795786e+09	3.311322e+00
2.795956e+09	3.311806e+00
2.796126e+09	3.310233e+00
2.796296e+09	3.310830e+00
2.796466e+09	3.310696e+00
2.796637e+09	3.311812e+00
2.796807e+09	3.311221e+00
2.796977e+09	3.311664e+00
2.797147e+09	3.310859e+00
2.797317e+09	3.311253e+00
2.797487e+09	3.310719e+00
2.797658e+09	3.310945e+00
2.797828e+09	3.311400e+00
2.797998e+09	3.310775e+00
2.798168e+09	3.311515e+00
2.798338e+09	3.310308e+00
2.798509e+09	3.310577e+00
2.798679e+09	3.310796e+00
2.798849e+09	3.310914e+00
2.799019e+09	3.311403e+00
2.799189e+09	3.309980e+00
2.799359e+09	3.310161e+00
2.799530e+09	3.310839e+00
2.799700e+09	3.310877e+00
2.799870e+09	3.310502e+00
2.800040e+09	3.310389e+00
2.800210e+09	3.310433e+00
2.800380e+09	3.311023e+00
2.800551e+09	3.311048e+00
2.800721e+09	3.310429e+00
2.800891e+09	3.310753e+00
2.801061e+09	3.311077e+00
2.801231e+09	3.310908e+00
2.801401e+09	3.309978e+00
2.801572e+09	3.310088e+00
2.801742e+09	3.310271e+00
2.801912e+09	3.311202e+00
2.802082e+09	3.310293e+00
2.802252e+09	3.309667e+00
2.802422e+09	3.309981e+00
2.802593e+09	3.310368e+00
2.802763e+09	3.309834e+00
2.802933e+09	3.309386e+00
2.803103e+09	3.309937e+00
2.803273e+09	3.309431e+00
2.803443e+09	3.309636e+00
2.803614e+09	3.309080e+00
2.803784e+09	3.309810e+00
2.803954e+09	3.309845e+00
2.804124e+09	3.310090e+00
2.804294e+09	3.309561e+00
2.804464e+09	3.308715e+00
2.804635e+09	3.308889e+00
2.804805e+09	3.308895e+00
2.804975e+09	3.308243e+00
2.805145e+09	3.308219e+00
2.805315e+09	3.308985e+00
2.805485e+09	3.308639e+00
2.805656e+09	3.307629e+00
2.805826e+09	3.308079e+00
2.805996e+09	3.307089e+00
2.806166e+09	3.307434e+00
2.806336e+09	3.306907e+00
2.806507e+09	3.307172e+00
2.806677e+09	3.306192e+00
2.806847e+09	3.306142e+00
2.807017e+09	3.306038e+00
2.807187e+09	3.306983e+00
2.807357e+09	3.305072e+00
2.807528e+09	3.304468e+00
2.807698e+09	3.304419e+00
2.807868e+09	3.303738e+00
2.808038e+09	3.304306e+00
2.808208e+09	3.303426e+00
2.808378e+09	3.304029e+00
2.808549e+09	3.303002e+00
2.808719e+09	3.303254e+00
2.808889e+09	3.302393e+00
2.809059e+09	3.301878e+00
2.809229e+09	3.300984e+00
2.809399e+09	3.301242e+00
2.809570e+09	3.300511e+00
2.809740e+09	3.299240e+00
2.809910e+09	3.298556e+00
2.810080e+09	3.297769e+00
2.810250e+09	3.296500e+00
2.810420e+09	3.295614e+00
2.810591e+09	3.294920e+00
2.810761e+09	3.293604e+00
2.810931e+09	3.292880e+00
2.811101e+09	3.291181e+00
2.811271e+09	3.289173e+00
2.811441e+09	3.287556e+00
2.811612e+09	3.286276e+00
2.811782e+09	3.285256e+00
2.811952e+09	3.282858e+00
2.812122e+09	3.282940e+00
2.812292e+09	3.280848e+00
2.812462e+09	3.278822e+00
2.812633e+09	3.277352e+00
2.812803e+09	3.275486e+00
2.812973e+09	3.276121e+00
2.813143e+09	3.275953e+00
2.813313e+09	3.275940e+00
2.813483e+09	3.275698e+00
2.813654e+09	3.275656e+00
2.813824e+09	3.275309e+00
2.813994e+09	3.274236e+00
2.814164e+09	3.272881e+00
2.814334e+09	3.271697e+00
2.814505e+09	3.271160e+00
2.814675e+09	3.270032e+00
2.814845e+09	3.270869e+00
2.815015e+09	3.270613e+00
2.815185e+09	3.272502e+00
2.815355e+09	3.272951e+00
2.815526e+09	3.274642e+00
2.815696e+09	3.274791e+00
2.815866e+09	3.275258e+00
2.816036e+09	3.275335e+00
2.816206e+09	3.274344e+00
2.816376e+09	3.274561e+00
2.816547e+09	3.272986e+00
2.816717e+09	3.274021e+00
2.816887e+09	3.274817e+00
2.817057e+09	3.275926e+00
2.817227e+09	3.276535e+00
2.817397e+09	3.278923e+00
2.817568e+09	3.280596e+00
2.817738e+09	3.283329e+00
2.817908e+09	3.284657e+00
2.818078e+09	3.286395e+00
2.818248e+09	3.287969e+00
2.818418e+09	3.289755e+00
2.818589e+09	3.291082e+00
2.818759e+09	3.291624e+00
2.818929e+09	3.293094e+00
2.819099e+09	3.293639e+00
2.819269e+09	3.294170e+00
2.819439e+09	3.293984e+00
2.819610e+09	3.295242e+00
2.819780e+09	3.297070e+00
2.819950e+09	3.297598e+00
2.820120e+09	3.298338e+00
2.820290e+09	3.298396e+00
2.820460e+09	3.298798e+00
2.820631e+09	3.299464e+00
2.820801e+09	3.299597e+00
2.820971e+09	3.299858e+00
2.821141e+09	3.300368e+00
2.821311e+09	3.300294e+00
2.821481e+09	3.300945e+00
2.821652e+09	3.301462e+00
2.821822e+09	3.301160e+00
2.821992e+09	3.301994e+00
2.822162e+09	3.301722e+00
2.822332e+09	3.302023e+00
2.822503e+09	3.301692e+00
2.822673e+09	3.301278e+00
2.822843e+09	3.301811e+00
2.823013e+09	3.301125e+00
2.823183e+09	3.301677e+00
2.823353e+09	3.301639e+00
2.823524e+09	3.301752e+00
2.823694e+09	3.301871e+00
2.823864e+09	3.301601e+00
2.824034e+09	3.301854e+00
2.824204e+09	3.301677e+00
2.824374e+09	3.301138e+00
2.824545e+09	3.301786e+00
2.824715e+09	3.301240e+00
2.824885e+09	3.300561e+00
2.825055e+09	3.301197e+00
2.825225e+09	3.300915e+00
2.825395e+09	3.299860e+00
2.825566e+09	3.298722e+00
2.825736e+09	3.298175e+00
2.825906e+09	3.298287e+00
2.826076e+09	3.298316e+00
2.826246e+09	3.298202e+00
2.826416e+09	3.298561e+00
2.826587e+09	3.298535e+00
2.826757e+09	3.299340e+00
2.826927e+09	3.298468e+00
2.827097e+09	3.297528e+00
2.827267e+09	3.297143e+00
2.827437e+09	3.296215e+00
2.827608e+09	3.295559e+00
2.827778e+09	3.294069e+00
2.827948e+09	3.293996e+00
2.828118e+09	3.293084e+00
2.828288e+09	3.293066e+00
2.828458e+09	3.292152e+00
2.828629e+09	3.290004e+00
2.828799e+09	3.289745e+00
2.828969e+09	3.288772e+00
2.829139e+09	3.286414e+00
2.829309e+09	3.284211e+00
2.829479e+09	3.282319e+00
2.829650e+09	3.280677e+00
2.829820e+09	3.279646e+00
2.829990e+09	3.278621e+00
2.830160e+09	3.277338e+00
2.830330e+09	3.275230e+00
2.830501e+09	3.273492e+00
2.830671e+09	3.271476e+00
2.830841e+09	3.270200e+00
2.831011e+09	3.270368e+00
2.831181e+09	3.270156e+00
2.831351e+09	3.270927e+00
2.831522e+09	3.270423e+00
2.831692e+09	3.269868e+00
2.831862e+09	3.270009e+00
2.832032e+09	3.268319e+00
2.832202e+09	3.267760e+00
2.832372e+09	3.266392e+00
2.832543e+09	3.266184e+00
2.832713e+09	3.266453e+00
2.832883e+09	3.266441e+00
2.833053e+09	3.266579e+00
2.833223e+09	3.268169e+00
2.833393e+09	3.268712e+00
2.833564e+09	3.269510e+00
2.833734e+09	3.270531e+00
2.833904e+09	3.269738e+00
2.834074e+09	3.269866e+00
2.834244e+09	3.269857e+00
2.834414e+09	3.269507e+00
2.834585e+09	3.268721e+00
2.834755e+09	3.268951e+00
2.834925e+09	3.269337e+00
2.835095e+09	3.270408e+00
2.835265e+09	3.271475e+00
2.835435e+09	3.272588e+00
2.835606e+09	3.274979e+00
2.835776e+09	3.277632e+00
2.835946e+09	3.279058e+00
2.836116e+09	3.280565e+00
2.836286e+09	3.282591e+00
2.836456e+09	3.284285e+00
2.836627e+09	3.285200e+00
2.836797e+09	3.285845e+00
2.836967e+09	3.285906e+00
2.837137e+09	3.286131e+00
2.837307e+09	3.285824e+00
2.837477e+09	3.284854e+00
2.837648e+09	3.286213e+00
2.837818e+09	3.287805e+00
2.837988e+09	3.288833e+00
2.838158e+09	3.290413e+00
2.838328e+09	3.290907e+00
2.838498e+09	3.291138e+00
2.838669e+09	3.290904e+00
2.838839e+09	3.290885e+00
2.839009e+09	3.290134e+00
2.839179e+09	3.290123e+00
2.839349e+09	3.289601e+00
2.839520e+09	3.290102e+00
2.839690e+09	3.289126e+00
2.839860e+09	3.288622e+00
2.840030e+09	3.288303e+00
2.840200e+09	3.287603e+00
2.840370e+09	3.286514e+00
2.840541e+09	3.285067e+00
2.840711e+09	3.282495e+00
2.840881e+09	3.281449e+00
2.841051e+09	3.280046e+00
2.841221e+09	3.277415e+00
2.841391e+09	3.276450e+00
2.841562e+09	3.274707e+00
2.841732e+09	3.273366e+00
2.841902e+09	3.271351e+00
2.842072e+09	3.268895e+00
2.842242e+09	3.267700e+00
2.842412e+09	3.266356e+00
2.842583e+09	3.266489e+00
2.842753e+09	3.266693e+00
2.842923e+09	3.268233e+00
2.843093e+09	3.269177e+00
2.843263e+09	3.268498e+00
2.843433e+09	3.268883e+00
2.843604e+09	3.267909e+00
2.843774e+09	3.267229e+00
2.843944e+09	3.265516e+00
2.844114e+09	3.264591e+00
2.844284e+09	3.263451e+00
2.844454e+09	3.262924e+00
2.844625e+09	3.264451e+00
2.844795e+09	3.265794e+00
2.844965e+09	3.267720e+00
2.845135e+09	3.268843e+00
2.845305e+09	3.269140e+00
2.845475e+09	3.269703e+00
2.845646e+09	3.270397e+00
2.845816e+09	3.269892e+00
2.845986e+09	3.268885e+00
2.846156e+09	3.268972e+00
2.846326e+09	3.269231e+00
2.846496e+09	3.268914e+00
2.846667e+09	3.269321e+00
2.846837e+09	3.271405e+00
2.847007e+09	3.273547e+00
2.847177e+09	3.275354e+00
2.847347e+09	3.278527e+00
2.847518e+09	3.280641e+00
2.847688e+09	3.283523e+00
2.847858e+09	3.285179e+00
2.848028e+09	3.286051e+00
2.848198e+09	3.288454e+00
2.848368e+09	3.289668e+00
2.848539e+09	3.291574e+00
2.848709e+09	3.291555e+00
2.848879e+09	3.292163e+00
2.849049e+09	3.292209e+00
2.849219e+09	3.291533e+00
2.849389e+09	3.291867e+00
2.849560e+09	3.293329e+00
2.849730e+09	3.294948e+00
2.849900e+09	3.295964e+00
2.850070e+09	3.296900e+00
2.850240e+09	3.297775e+00
2.850410e+09	3.298701e+00
2.850581e+09	3.299375e+00
2.850751e+09	3.300054e+00
2.850921e+09	3.299892e+00
2.851091e+09	3.300267e+00
2.851261e+09	3.300726e+00
2.851431e+09	3.300757e+00
2.851602e+09	3.301068e+00
2.851772e+09	3.300909e+00
2.851942e+09	3.300884e+00
2.852112e+09	3.301396e+00
2.852282e+09	3.301242e+00
2.852452e+09	3.301292e+00
2.852623e+09	3.300466e+00
2.852793e+09	3.301537e+00
2.852963e+09	3.301204e+00
2.853133e+09	3.301235e+00
2.853303e+09	3.301091e+00
2.853473e+09	3.300533e+00
2.853644e+09	3.300211e+00
2.853814e+09	3.300941e+00
2.853984e+09	3.299943e+00
2.854154e+09	3.301156e+00
2.854324e+09	3.299729e+00
2.854494e+09	3.299445e+00
2.854665e+09	3.298672e+00
2.854835e+09	3.297148e+00
2.855005e+09	3.297159e+00
2.855175e+09	3.298266e+00
2.855345e+09	3.298990e+00
2.855516e+09	3.298745e+00
2.855686e+09	3.299421e+00
2.855856e+09	3.299079e+00
2.856026e+09	3.298155e+00
2.856196e+09	3.298619e+00
2.856366e+09	3.297254e+00
2.856537e+09	3.296133e+00
2.856707e+09	3.296222e+00
2.856877e+09	3.295914e+00
2.857047e+09	3.293664e+00
2.857217e+09	3.292952e+00
2.857387e+09	3.292639e+00
2.857558e+09	3.291475e+00
2.857728e+09	3.290407e+00
2.857898e+09	3.289322e+00
2.858068e+09	3.288385e+00
2.858238e+09	3.286380e+00
2.858408e+09	3.284959e+00
2.858579e+09	3.282187e+00
2.858749e+09	3.280237e+00
2.858919e+09	3.278167e+00
2.859089e+09	3.276448e+00
2.859259e+09	3.274737e+00
2.859429e+09	3.272510e+00
2.859600e+09	3.271303e+00
2.859770e+09	3.269761e+00
2.859940e+09	3.269944e+00
2.860110e+09	3.269396e+00
2.860280e+09	3.268978e+00
2.860450e+09	3.269814e+00
2.860621e+09	3.269392e+00
2.860791e+09	3.269154e+00
2.860961e+09	3.268625e+00
2.861131e+09	3.269055e+00
2.861301e+09	3.266871e+00
2.861471e+09	3.267530e+00
2.861642e+09	3.264656e+00
2.861812e+09	3.264848e+00
2.861982e+09	3.266348e+00
2.862152e+09	3.267013e+00
2.862322e+09	3.267581e+00
2.862492e+09	3.269434e+00
2.862663e+09	3.270447e+00
2.862833e+09	3.270671e+00
2.863003e+09	3.271928e+00
2.863173e+09	3.271297e+00
2.863343e+09	3.271208e+00
2.863514e+09	3.270684e+00
2.863684e+09	3.270862e+00
2.863854e+09	3.270113e+00
2.864024e+09	3.271011e+00
2.864194e+09	3.272655e+00
2.864364e+09	3.274617e+00
2.864535e+09	3.277241e+00
2.864705e+09	3.279011e+00
2.864875e+09	3.282105e+00
2.865045e+09	3.284312e+00
2.865215e+09	3.287096e+00
2.865385e+09	3.288242e+00
2.865556e+09	3.289754e+00
2.865726e+09	3.290647e+00
2.865896e+09	3.291770e+00
2.866066e+09	3.292816e+00
2.866236e+09	3.294309e+00
2.866406e+09	3.294386e+00
2.866577e+09	3.293286e+00
2.866747e+09	3.294781e+00
2.866917e+09	3.295742e+00
2.867087e+09	3.296835e+00
2.867257e+09	3.298627e+00
2.867427e+09	3.300354e+00
2.867598e+09	3.300166e+00
2.867768e+09	3.301193e+00
2.867938e+09	3.301210e+00
2.868108e+09	3.301847e+00
2.868278e+09	3.303502e+00
2.868448e+09	3.302590e+00
2.868619e+09	3.303024e+00
2.868789e+09	3.304168e+00
2.868959e+09	3.304691e+00
2.869129e+09	3.304442e+00
2.869299e+09	3.305233e+00
2.869469e+09	3.304886e+00
2.869640e+09	3.304483e+00
2.869810e+09	3.304937e+00
2.869980e+09	3.304916e+00
2.870150e+09	3.305500e+00
2.870320e+09	3.305389e+00
2.870490e+09	3.306607e+00
2.870661e+09	3.305474e+00
2.870831e+09	3.306451e+00
2.871001e+09	3.306799e+00
2.871171e+09	3.306968e+00
2.871341e+09	3.306470e+00
2.871512e+09	3.307609e+00
2.871682e+09	3.307525e+00
2.871852e+09	3.306860e+00
2.872022e+09	3.308117e+00
2.872192e+09	3.307621e+00
2.872362e+09	3.307629e+00
2.872533e+09	3.307808e+00
2.872703e+09	3.307674e+00
2.872873e+09	3.306780e+00
2.873043e+09	3.307291e+00
2.873213e+09	3.307395e+00
2.873383e+09	3.306818e+00
2.873554e+09	3.307461e+00
2.873724e+09	3.306557e+00
2.873894e+09	3.307434e+00
2.874064e+09	3.307141e+00
2.874234e+09	3.307685e+00
2.874404e+09	3.307030e+00
2.874575e+09	3.306529e+00
2.874745e+09	3.306379e+00
2.874915e+09	3.305247e+00
2.875085e+09	3.305110e+00
2.875255e+09	3.303212e+00
2.875425e+09	3.303531e+00
2.875596e+09	3.303765e+00
2.875766e+09	3.304571e+00
2.875936e+09	3.304194e+00
2.876106e+09	3.304481e+00
2.876276e+09	3.304459e+00
2.876446e+09	3.303337e+00
2.876617e+09	3.303785e+00
2.876787e+09	3.302763e+00
2.876957e+09	3.303547e+00
2.877127e+09	3.302519e+00
2.877297e+09	3.303209e+00
2.877467e+09	3.301165e+00
2.877638e+09	3.300754e+00
2.877808e+09	3.300873e+00
2.877978e+09	3.300337e+00
2.878148e+09	3.299103e+00
2.878318e+09	3.298667e+00
2.878488e+09	3.297765e+00
2.878659e+09	3.295121e+00
2.878829e+09	3.295014e+00
2.878999e+09	3.293085e+00
2.879169e+09	3.292240e+00
2.879339e+09	3.289454e+00
2.879510e+09	3.288515e+00
2.879680e+09	3.284538e+00
2.879850e+09	3.283294e+00
2.880020e+09	3.281660e+00
2.880190e+09	3.279137e+00
2.880360e+09	3.277495e+00
2.880531e+09	3.275055e+00
2.880701e+09	3.275739e+00
2.880871e+09	3.275184e+00
2.881041e+09	3.277230e+00
2.881211e+09	3.275972e+00
2.881381e+09	3.276716e+00
2.881552e+09	3.276482e+00
2.881722e+09	3.274704e+00
2.881892e+09	3.274276e+00
2.882062e+09	3.272980e+00
2.882232e+09	3.271907e+00
2.882402e+09	3.270642e+00
2.882573e+09	3.270530e+00
2.882743e+09	3.270535e+00
2.882913e+09	3.271652e+00
2.883083e+09	3.271646e+00
2.883253e+09	3.273079e+00
2.883423e+09	3.273918e+00
2.883594e+09	3.275378e+00
2.883764e+09	3.275837e+00
2.883934e+09	3.274945e+00
2.884104e+09	3.274670e+00
2.884274e+09	3.272302e+00
2.884444e+09	3.273300e+00
2.884615e+09	3.272879e+00
2.884785e+09	3.273132e+00
2.884955e+09	3.273889e+00
2.885125e+09	3.276016e+00
2.885295e+09	3.277326e+00
2.885465e+09	3.280355e+00
2.885636e+09	3.282894e+00
2.885806e+09	3.284310e+00
2.885976e+09	3.287403e+00
2.886146e+09	3.287933e+00
2.886316e+09	3.290035e+00
2.886486e+09	3.290426e+00
2.886657e+09	3.292815e+00
2.886827e+09	3.293055e+00
2.886997e+09	3.294271e+00
2.887167e+09	3.294496e+00
2.887337e+09	3.294136e+00
2.887508e+09	3.295271e+00
2.887678e+09	3.295693e+00
2.887848e+09	3.297098e+00
2.888018e+09	3.297980e+00
2.888188e+09	3.299137e+00
2.888358e+09	3.299566e+00
2.888529e+09	3.300012e+00
2.888699e+09	3.300369e+00
2.888869e+09	3.300852e+00
2.889039e+09	3.301837e+00
2.889209e+09	3.301750e+00
2.889379e+09	3.302631e+00
2.889550e+09	3.302135e+00
2.889720e+09	3.302687e+00
2.889890e+09	3.302387e+00
2.890060e+09	3.302783e+00
2.890230e+09	3.302437e+00
2.890400e+09	3.303038e+00
2.890571e+09	3.302655e+00
2.890741e+09	3.302675e+00
2.890911e+09	3.303181e+00
2.891081e+09	3.302668e+00
2.891251e+09	3.303685e+00
2.891421e+09	3.302943e+00
2.891592e+09	3.303579e+00
2.891762e+09	3.302229e+00
2.891932e+09	3.302722e+00
2.892102e+09	3.301817e+00
2.892272e+09	3.300859e+00
2.892442e+09	3.301105e+00
2.892613e+09	3.301906e+00
2.892783e+09	3.302878e+00
2.892953e+09	3.301841e+00
2.893123e+09	3.302661e+00
2.893293e+09	3.301947e+00
2.893463e+09	3.301633e+00
2.893634e+09	3.302723e+00
2.893804e+09	3.302629e+00
2.893974e+09	3.302251e+00
2.894144e+09	3.301322e+00
2.894314e+09	3.301717e+00
2.894484e+09	3.300231e+00
2.894655e+09	3.300520e+00
2.894825e+09	3.299179e+00
2.894995e+09	3.298932e+00
2.895165e+09	3.297397e+00
2.895335e+09	3.297546e+00
2.895506e+09	3.295303e+00
2.895676e+09	3.294249e+00
2.895846e+09	3.293827e+00
2.896016e+09	3.292536e+00
2.896186e+09	3.290496e+00
2.896356e+09	3.287948e+00
2.896527e+09	3.286853e+00
2.896697e+09	3.284013e+00
2.896867e+09	3.282738e+00
2.897037e+09	3.278618e+00
2.897207e+09	3.276837e+00
2.897377e+09	3.276002e+00
2.897548e+09	3.275407e+00
2.897718e+09	3.276748e+00
2.897888e+09	3.278327e+00
2.898058e+09	3.279468e+00
2.898228e+09	3.280621e+00
2.898398e+09	3.280946e+00
2.898569e+09	3.279938e+00
2.898739e+09	3.278637e+00
2.898909e+09	3.276654e+00
2.899079e+09	3.275033e+00
2.899249e+09	3.273076e+00
2.899419e+09	3.272620e+00
2.899590e+09	3.273008e+00
2.899760e+09	3.274330e+00
2.899930e+09	3.277017e+00
2.900100e+09	3.277911e+00
2.900270e+09	3.279390e+00
2.900440e+09	3.280504e+00
2.900611e+09	3.281114e+00
2.900781e+09	3.280009e+00
2.900951e+09	3.279006e+00
2.901121e+09	3.277994e+00
2.901291e+09	3.276033e+00
2.901461e+09	3.275360e+00
2.901632e+09	3.275235e+00
2.901802e+09	3.276904e+00
2.901972e+09	3.277918e+00
2.902142e+09	3.281648e+00
2.902312e+09	3.283149e+00
2.902482e+09	3.286223e+00
2.902653e+09	3.288497e+00
2.902823e+09	3.289873e+00
2.902993e+09	3.291671e+00
2.903163e+09	3.292677e+00
2.903333e+09	3.294057e+00
2.903504e+09	3.293184e+00
2.903674e+09	3.295418e+00
2.903844e+09	3.295189e+00
2.904014e+09	3.294611e+00
2.904184e+09	3.294592e+00
2.904354e+09	3.293706e+00
2.904525e+09	3.295060e+00
2.904695e+09	3.296091e+00
2.904865e+09	3.297212e+00
2.905035e+09	3.297338e+00
2.905205e+09	3.298160e+00
2.905375e+09	3.298105e+00
2.905546e+09	3.298771e+00
2.905716e+09	3.296961e+00
2.905886e+09	3.297143e+00
2.906056e+09	3.295480e+00
2.906226e+09	3.295070e+00
2.906396e+09	3.295106e+00
2.906567e+09	3.293686e+00
2.906737e+09	3.293755e+00
2.906907e+09	3.292396e+00
2.907077e+09	3.290543e+00
2.907247e+09	3.289725e+00
2.907417e+09	3.287239e+00
2.907588e+09	3.285743e+00
2.907758e+09	3.283475e+00
2.907928e+09	3.281195e+00
2.908098e+09	3.278550e+00
2.908268e+09	3.278215e+00
2.908438e+09	3.278403e+00
2.908609e+09	3.280447e+00
2.908779e+09	3.280852e+00
2.908949e+09	3.282478e+00
2.909119e+09	3.282400e+00
2.909289e+09	3.282489e+00
2.909459e+09	3.282380e+00
2.909630e+09	3.280991e+00
2.909800e+09	3.279272e+00
2.909970e+09	3.277844e+00
2.910140e+09	3.277272e+00
2.910310e+09	3.275957e+00
2.910480e+09	3.276458e+00
2.910651e+09	3.277923e+00
2.910821e+09	3.278914e+00
2.910991e+09	3.280894e+00
2.911161e+09	3.282421e+00
2.911331e+09	3.283007e+00
2.911502e+09	3.282916e+00
2.911672e+09	3.283080e+00
2.911842e+09	3.282089e+00
2.912012e+09	3.281355e+00
2.912182e+09	3.279905e+00
2.912352e+09	3.279445e+00
2.912523e+09	3.278674e+00
2.912693e+09	3.280810e+00
2.912863e+09	3.281842e+00
2.913033e+09	3.284360e+00
2.913203e+09	3.287529e+00
2.913373e+09	3.288644e+00
2.913544e+09	3.291739e+00
2.913714e+09	3.292923e+00
2.913884e+09	3.295302e+00
2.914054e+09	3.297132e+00
2.914224e+09	3.297996e+00
2.914394e+09	3.298252e+00
2.914565e+09	3.299414e+00
2.914735e+09	3.299959e+00
2.914905e+09	3.299367e+00
2.915075e+09	3.299744e+00
2.915245e+09	3.298879e+00
2.915415e+09	3.300884e+00
2.915586e+09	3.301081e+00
2.915756e+09	3.302425e+00
2.915926e+09	3.302136e+00
2.916096e+09	3.302482e+00
2.916266e+09	3.303946e+00
2.916436e+09	3.303876e+00
2.916607e+09	3.304147e+00
2.916777e+09	3.303870e+00
2.916947e+09	3.304836e+00
2.917117e+09	3.303930e+00
2.917287e+09	3.304117e+00
2.917457e+09	3.304964e+00
2.917628e+09	3.304657e+00
2.917798e+09	3.304308e+00
2.917968e+09	3.305077e+00
2.918138e+09	3.305225e+00
2.918308e+09	3.304948e+00
2.918478e+09	3.305378e+00
2.918649e+09	3.305590e+00
2.918819e+09	3.305528e+00
2.918989e+09	3.305262e+00
2.919159e+09	3.305811e+00
2.919329e+09	3.304437e+00
2.919499e+09	3.303882e+00
2.919670e+09	3.303638e+00
2.919840e+09	3.304257e+00
2.920010e+09	3.304706e+00
2.920180e+09	3.305044e+00
2.920350e+09	3.304135e+00
2.920521e+09	3.303795e+00
2.920691e+09	3.304353e+00
2.920861e+09	3.304723e+00
2.921031e+09	3.304132e+00
2.921201e+09	3.304136e+00
2.921371e+09	3.304270e+00
2.921542e+09	3.303565e+00
2.921712e+09	3.303872e+00
2.921882e+09	3.302343e+00
2.922052e+09	3.301839e+00
2.922222e+09	3.301799e+00
2.922392e+09	3.301121e+00
2.922563e+09	3.299436e+00
2.922733e+09	3.298266e+00
2.922903e+09	3.297878e+00
2.923073e+09	3.297769e+00
2.923243e+09	3.295545e+00
2.923413e+09	3.294749e+00
2.923584e+09	3.292647e+00
2.923754e+09	3.291987e+00
2.923924e+09	3.290289e+00
2.924094e+09	3.287718e+00
2.924264e+09	3.285091e+00
2.924434e+09	3.283254e+00
2.924605e+09	3.282607e+00
2.924775e+09	3.282608e+00
2.924945e+09	3.282871e+00
2.925115e+09	3.284693e+00
2.925285e+09	3.286460e+00
2.925455e+09	3.286654e+00
2.925626e+09	3.287069e+00
2.925796e+09	3.286162e+00
2.925966e+09	3.285589e+00
2.926136e+09	3.283257e+00
2.926306e+09	3.281172e+00
2.926476e+09	3.280306e+00
2.926647e+09	3.279803e+00
2.926817e+09	3.279951e+00
2.926987e+09	3.281313e+00
2.927157e+09	3.283466e+00
2.927327e+09	3.285255e+00
2.927497e+09	3.287204e+00
2.927668e+09	3.287865e+00
2.927838e+09	3.288073e+00
2.928008e+09	3.287854e+00
2.928178e+09	3.286915e+00
2.928348e+09	3.285597e+00
2.928519e+09	3.284539e+00
2.928689e+09	3.283841e+00
2.928859e+09	3.284189e+00
2.929029e+09	3.286060e+00
2.929199e+09	3.287614e+00
2.929369e+09	3.290163e+00
2.929540e+09	3.292256e+00
2.929710e+09	3.294759e+00
2.929880e+09	3.296208e+00
2.930050e+09	3.297507e+00
2.930220e+09	3.300030e+00
2.930390e+09	3.300868e+00
2.930561e+09	3.303017e+00
2.930731e+09	3.303676e+00
2.930901e+09	3.304407e+00
2.931071e+09	3.304695e+00
2.931241e+09	3.304512e+00
2.931411e+09	3.304123e+00
2.931582e+09	3.304556e+00
2.931752e+09	3.304890e+00
2.931922e+09	3.305260e+00
2.932092e+09	3.306770e+00
2.932262e+09	3.306845e+00
2.932432e+09	3.307992e+00
2.932603e+09	3.308000e+00
2.932773e+09	3.308929e+00
2.932943e+09	3.308541e+00
2.933113e+09	3.308171e+00
2.933283e+09	3.307802e+00
2.933453e+09	3.308684e+00
2.933624e+09	3.308205e+00
2.933794e+09	3.308719e+00
2.933964e+09	3.309036e+00
2.934134e+09	3.309455e+00
2.934304e+09	3.310040e+00
2.934474e+09	3.311292e+00
2.934645e+09	3.310600e+00
2.934815e+09	3.310883e+00
2.934985e+09	3.310721e+00
2.935155e+09	3.310371e+00
2.935325e+09	3.309869e+00
2.935495e+09	3.309719e+00
2.935666e+09	3.310364e+00
2.935836e+09	3.310375e+00
2.936006e+09	3.310976e+00
2.936176e+09	3.310320e+00
2.936346e+09	3.310458e+00
2.936517e+09	3.311587e+00
2.936687e+09	3.310661e+00
2.936857e+09	3.310881e+00
2.937027e+09	3.311647e+00
2.937197e+09	3.310878e+00
2.937367e+09	3.311862e+00
2.937538e+09	3.312121e+00
2.937708e+09	3.312931e+00
2.937878e+09	3.312436e+00
2.938048e+09	3.313086e+00
2.938218e+09	3.312044e+00
2.938388e+09	3.311326e+00
2.938559e+09	3.311224e+00
2.938729e+09	3.311130e+00
2.938899e+09	3.311355e+00
2.939069e+09	3.311186e+00
2.939239e+09	3.311829e+00
2.939409e+09	3.312422e+00
2.939580e+09	3.312783e+00
2.939750e+09	3.312454e+00
2.939920e+09	3.312121e+00
2.940090e+09	3.311905e+00
2.940260e+09	3.312827e+00
2.940430e+09	3.311460e+00
2.940601e+09	3.312170e+00
2.940771e+09	3.311836e+00
2.940941e+09	3.311338e+00
2.941111e+09	3.311820e+00
2.941281e+09	3.312779e+00
2.941451e+09	3.312381e+00
2.941622e+09	3.311743e+00
2.941792e+09	3.312437e+00
2.941962e+09	3.312358e+00
2.942132e+09	3.311931e+00
2.942302e+09	3.311804e+00
2.942472e+09	3.311664e+00
2.942643e+09	3.312002e+00
2.942813e+09	3.311521e+00
2.942983e+09	3.311335e+00
2.943153e+09	3.311263e+00
2.943323e+09	3.312316e+00
2.943493e+09	3.313205e+00
2.943664e+09	3.312071e+00
2.943834e+09	3.312690e+00
2.944004e+09	3.312631e+00
2.944174e+09	3.312300e+00
2.944344e+09	3.311658e+00
2.944515e+09	3.312725e+00
2.944685e+09	3.312334e+00
2.944855e+09	3.312423e+00
2.945025e+09	3.311936e+00
2.945195e+09	3.311831e+00
2.945365e+09	3.311430e+00
2.945536e+09	3.311441e+00
2.945706e+09	3.312180e+00
2.945876e+09	3.311790e+00
2.946046e+09	3.312243e+00
2.946216e+09	3.312433e+00
2.946386e+09	3.312679e+00
2.946557e+09	3.311410e+00
2.946727e+09	3.312207e+00
2.946897e+09	3.311805e+00
2.947067e+09	3.312465e+00
2.947237e+09	3.313175e+00
2.947407e+09	3.312932e+00
2.947578e+09	3.312493e+00
2.947748e+09	3.312118e+00
2.947918e+09	3.312705e+00
2.948088e+09	3.312052e+00
2.948258e+09	3.312335e+00
2.948428e+09	3.312389e+00
2.948599e+09	3.312924e+00
2.948769e+09	3.312612e+00
2.948939e+09	3.311783e+00
2.949109e+09	3.311800e+00
2.949279e+09	3.312018e+00
2.949449e+09	3.312050e+00
2.949620e+09	3.311822e+00
2.949790e+09	3.312054e+00
2.949960e+09	3.311760e+00
2.950130e+09	3.311794e+00
2.950300e+09	3.312301e+00
2.950470e+09	3.312630e+00
2.950641e+09	3.312289e+00
2.950811e+09	3.312291e+00
2.950981e+09	3.312711e+00
2.951151e+09	3.312544e+00
2.951321e+09	3.313279e+00
2.951491e+09	3.312380e+00
2.951662e+09	3.312950e+00
2.951832e+09	3.312220e+00
2.952002e+09	3.311890e+00
2.952172e+09	3.311569e+00
2.952342e+09	3.312047e+00
2.952513e+09	3.312836e+00
2.952683e+09	3.311886e+00
2.952853e+09	3.312323e+00
2.953023e+09	3.312484e+00
2.953193e+09	3.312540e+00
2.953363e+09	3.312306e+00
2.953534e+09	3.312813e+00
2.953704e+09	3.311870e+00
2.953874e+09	3.313062e+00
2.954044e+09	3.312671e+00
2.954214e+09	3.312493e+00
2.954384e+09	3.312636e+00
2.954555e+09	3.312243e+00
2.954725e+09	3.312287e+00
2.954895e+09	3.311381e+00
2.955065e+09	3.312437e+00
2.955235e+09	3.312046e+00
2.955405e+09	3.312779e+00
2.955576e+09	3.311505e+00
2.955746e+09	3.311654e+00
2.955916e+09	3.312034e+00
2.956086e+09	3.312416e+00
2.956256e+09	3.312724e+00
2.956426e+09	3.311839e+00
2.956597e+09	3.312343e+00
2.956767e+09	3.312239e+00
2.956937e+09	3.311744e+00
2.957107e+09	3.311781e+00
2.957277e+09	3.312105e+00
2.957447e+09	3.312418e+00
2.957618e+09	3.312644e+00
2.957788e+09	3.313050e+00
2.957958e+09	3.311526e+00
2.958128e+09	3.312728e+00
2.958298e+09	3.311912e+00
2.958468e+09	3.312485e+00
2.958639e+09	3.312503e+00
2.958809e+09	3.311516e+00
2.958979e+09	3.312205e+00
2.959149e+09	3.312289e+00
2.959319e+09	3.312129e+00
2.959489e+09	3.311734e+00
2.959660e+09	3.312866e+00
2.959830e+09	3.312252e+00
2.960000e+09	3.311255e+00
