#Saved Data from the class wainteach_gui on 29.10.2025 at 12h17m06s.
#
#Parameters:
#===========
#
#laser setpoint (mW): 2.6600000000000001e+01
#MW limits (Hz): [2700000000.0, 3100000000.0]
#Acquisition (sample): 1000
#Average (acquisition): 3
#MW power (dBm): 6.0000000000000000e+00
#Field enabling: True
#coils currents [x, y, z] (A): [2.125399, 0.0, 0.0]
#coils fields [bx, by, bz] (T): [0.002, 0.0, 0.0]
#coils fields [norm, theta, phi] (T, °, °): [0.002, 90.0, 0.0]
#
#Data:
#=====
#frequency	voltage	
2.700000e+09	3.306421e+00
2.700400e+09	3.307071e+00
2.700801e+09	3.307235e+00
2.701201e+09	3.306690e+00
2.701602e+09	3.307369e+00
2.702002e+09	3.306893e+00
2.702402e+09	3.307359e+00
2.702803e+09	3.306782e+00
2.703203e+09	3.307780e+00
2.703604e+09	3.307087e+00
2.704004e+09	3.307469e+00
2.704404e+09	3.306895e+00
2.704805e+09	3.306907e+00
2.705205e+09	3.306626e+00
2.705606e+09	3.306498e+00
2.706006e+09	3.306538e+00
2.706406e+09	3.306739e+00
2.706807e+09	3.307927e+00
2.707207e+09	3.306870e+00
2.707608e+09	3.307597e+00
2.708008e+09	3.307561e+00
2.708408e+09	3.307285e+00
2.708809e+09	3.307219e+00
2.709209e+09	3.307551e+00
2.709610e+09	3.306794e+00
2.710010e+09	3.306878e+00
2.710410e+09	3.307057e+00
2.710811e+09	3.306759e+00
2.711211e+09	3.305810e+00
2.711612e+09	3.306313e+00
2.712012e+09	3.307732e+00
2.712412e+09	3.306829e+00
2.712813e+09	3.307332e+00
2.713213e+09	3.307590e+00
2.713614e+09	3.307153e+00
2.714014e+09	3.306655e+00
2.714414e+09	3.306952e+00
2.714815e+09	3.307485e+00
2.715215e+09	3.307345e+00
2.715616e+09	3.307686e+00
2.716016e+09	3.306228e+00
2.716416e+09	3.306283e+00
2.716817e+09	3.307178e+00
2.717217e+09	3.306645e+00
2.717618e+09	3.306054e+00
2.718018e+09	3.307467e+00
2.718418e+09	3.307516e+00
2.718819e+09	3.307246e+00
2.719219e+09	3.307390e+00
2.719620e+09	3.305971e+00
2.720020e+09	3.307046e+00
2.720420e+09	3.306852e+00
2.720821e+09	3.307685e+00
2.721221e+09	3.306869e+00
2.721622e+09	3.306815e+00
2.722022e+09	3.307022e+00
2.722422e+09	3.307616e+00
2.722823e+09	3.307019e+00
2.723223e+09	3.307589e+00
2.723624e+09	3.307137e+00
2.724024e+09	3.307317e+00
2.724424e+09	3.307712e+00
2.724825e+09	3.307278e+00
2.725225e+09	3.307116e+00
2.725626e+09	3.307615e+00
2.726026e+09	3.307367e+00
2.726426e+09	3.306490e+00
2.726827e+09	3.307073e+00
2.727227e+09	3.307297e+00
2.727628e+09	3.306400e+00
2.728028e+09	3.307090e+00
2.728428e+09	3.306938e+00
2.728829e+09	3.307161e+00
2.729229e+09	3.306998e+00
2.729630e+09	3.307940e+00
2.730030e+09	3.307272e+00
2.730430e+09	3.307299e+00
2.730831e+09	3.307205e+00
2.731231e+09	3.306789e+00
2.731632e+09	3.306151e+00
2.732032e+09	3.306125e+00
2.732432e+09	3.307024e+00
2.732833e+09	3.307009e+00
2.733233e+09	3.307584e+00
2.733634e+09	3.306691e+00
2.734034e+09	3.307054e+00
2.734434e+09	3.306705e+00
2.734835e+09	3.307821e+00
2.735235e+09	3.306039e+00
2.735636e+09	3.306347e+00
2.736036e+09	3.306450e+00
2.736436e+09	3.307245e+00
2.736837e+09	3.307012e+00
2.737237e+09	3.307150e+00
2.737638e+09	3.308087e+00
2.738038e+09	3.307950e+00
2.738438e+09	3.308225e+00
2.738839e+09	3.307279e+00
2.739239e+09	3.307593e+00
2.739640e+09	3.306643e+00
2.740040e+09	3.306114e+00
2.740440e+09	3.305326e+00
2.740841e+09	3.306648e+00
2.741241e+09	3.306206e+00
2.741642e+09	3.306029e+00
2.742042e+09	3.307147e+00
2.742442e+09	3.306105e+00
2.742843e+09	3.306863e+00
2.743243e+09	3.306802e+00
2.743644e+09	3.307102e+00
2.744044e+09	3.306771e+00
2.744444e+09	3.307068e+00
2.744845e+09	3.307442e+00
2.745245e+09	3.306769e+00
2.745646e+09	3.306554e+00
2.746046e+09	3.307279e+00
2.746446e+09	3.307597e+00
2.746847e+09	3.306574e+00
2.747247e+09	3.307832e+00
2.747648e+09	3.306060e+00
2.748048e+09	3.306617e+00
2.748448e+09	3.306838e+00
2.748849e+09	3.307497e+00
2.749249e+09	3.307211e+00
2.749650e+09	3.308072e+00
2.750050e+09	3.307325e+00
2.750450e+09	3.306662e+00
2.750851e+09	3.307560e+00
2.751251e+09	3.306567e+00
2.751652e+09	3.306947e+00
2.752052e+09	3.306807e+00
2.752452e+09	3.307060e+00
2.752853e+09	3.306975e+00
2.753253e+09	3.307178e+00
2.753654e+09	3.307216e+00
2.754054e+09	3.307374e+00
2.754454e+09	3.306949e+00
2.754855e+09	3.307308e+00
2.755255e+09	3.306944e+00
2.755656e+09	3.307186e+00
2.756056e+09	3.307980e+00
2.756456e+09	3.306660e+00
2.756857e+09	3.306745e+00
2.757257e+09	3.307115e+00
2.757658e+09	3.307743e+00
2.758058e+09	3.307155e+00
2.758458e+09	3.307449e+00
2.758859e+09	3.307632e+00
2.759259e+09	3.306994e+00
2.759660e+09	3.308021e+00
2.760060e+09	3.307721e+00
2.760460e+09	3.307716e+00
2.760861e+09	3.307668e+00
2.761261e+09	3.308341e+00
2.761662e+09	3.306838e+00
2.762062e+09	3.306895e+00
2.762462e+09	3.307376e+00
2.762863e+09	3.306631e+00
2.763263e+09	3.307081e+00
2.763664e+09	3.307489e+00
2.764064e+09	3.307650e+00
2.764464e+09	3.308352e+00
2.764865e+09	3.308619e+00
2.765265e+09	3.307543e+00
2.765666e+09	3.307087e+00
2.766066e+09	3.307558e+00
2.766466e+09	3.307109e+00
2.766867e+09	3.307201e+00
2.767267e+09	3.307253e+00
2.767668e+09	3.307428e+00
2.768068e+09	3.306550e+00
2.768468e+09	3.307414e+00
2.768869e+09	3.307140e+00
2.769269e+09	3.307308e+00
2.769670e+09	3.306980e+00
2.770070e+09	3.307934e+00
2.770470e+09	3.307298e+00
2.770871e+09	3.307104e+00
2.771271e+09	3.307409e+00
2.771672e+09	3.306769e+00
2.772072e+09	3.306809e+00
2.772472e+09	3.306863e+00
2.772873e+09	3.307458e+00
2.773273e+09	3.307034e+00
2.773674e+09	3.306884e+00
2.774074e+09	3.306718e+00
2.774474e+09	3.307032e+00
2.774875e+09	3.307722e+00
2.775275e+09	3.307383e+00
2.775676e+09	3.307881e+00
2.776076e+09	3.306987e+00
2.776476e+09	3.306484e+00
2.776877e+09	3.305997e+00
2.777277e+09	3.306116e+00
2.777678e+09	3.305253e+00
2.778078e+09	3.305449e+00
2.778478e+09	3.306043e+00
2.778879e+09	3.307214e+00
2.779279e+09	3.306041e+00
2.779680e+09	3.306446e+00
2.780080e+09	3.306398e+00
2.780480e+09	3.306625e+00
2.780881e+09	3.305739e+00
2.781281e+09	3.306315e+00
2.781682e+09	3.305923e+00
2.782082e+09	3.305513e+00
2.782482e+09	3.305749e+00
2.782883e+09	3.304947e+00
2.783283e+09	3.305742e+00
2.783684e+09	3.305794e+00
2.784084e+09	3.306432e+00
2.784484e+09	3.306267e+00
2.784885e+09	3.305758e+00
2.785285e+09	3.305857e+00
2.785686e+09	3.306024e+00
2.786086e+09	3.305913e+00
2.786486e+09	3.306621e+00
2.786887e+09	3.306984e+00
2.787287e+09	3.306649e+00
2.787688e+09	3.307100e+00
2.788088e+09	3.306511e+00
2.788488e+09	3.306469e+00
2.788889e+09	3.306404e+00
2.789289e+09	3.306160e+00
2.789690e+09	3.306882e+00
2.790090e+09	3.307154e+00
2.790490e+09	3.307585e+00
2.790891e+09	3.307252e+00
2.791291e+09	3.307869e+00
2.791692e+09	3.307668e+00
2.792092e+09	3.307437e+00
2.792492e+09	3.306816e+00
2.792893e+09	3.307501e+00
2.793293e+09	3.306022e+00
2.793694e+09	3.306779e+00
2.794094e+09	3.306421e+00
2.794494e+09	3.306822e+00
2.794895e+09	3.306708e+00
2.795295e+09	3.307859e+00
2.795696e+09	3.307491e+00
2.796096e+09	3.307784e+00
2.796496e+09	3.308216e+00
2.796897e+09	3.307625e+00
2.797297e+09	3.307410e+00
2.797698e+09	3.306850e+00
2.798098e+09	3.307532e+00
2.798498e+09	3.306424e+00
2.798899e+09	3.306227e+00
2.799299e+09	3.306620e+00
2.799700e+09	3.306764e+00
2.800100e+09	3.307476e+00
2.800501e+09	3.307409e+00
2.800901e+09	3.307076e+00
2.801301e+09	3.306929e+00
2.801702e+09	3.307915e+00
2.802102e+09	3.306500e+00
2.802503e+09	3.306725e+00
2.802903e+09	3.306983e+00
2.803303e+09	3.307474e+00
2.803704e+09	3.307479e+00
2.804104e+09	3.306818e+00
2.804505e+09	3.306666e+00
2.804905e+09	3.306717e+00
2.805305e+09	3.306885e+00
2.805706e+09	3.306178e+00
2.806106e+09	3.306402e+00
2.806507e+09	3.306971e+00
2.806907e+09	3.307395e+00
2.807307e+09	3.306419e+00
2.807708e+09	3.306914e+00
2.808108e+09	3.306838e+00
2.808509e+09	3.307197e+00
2.808909e+09	3.307470e+00
2.809309e+09	3.306577e+00
2.809710e+09	3.307033e+00
2.810110e+09	3.307263e+00
2.810511e+09	3.306925e+00
2.810911e+09	3.306588e+00
2.811311e+09	3.307143e+00
2.811712e+09	3.307322e+00
2.812112e+09	3.307487e+00
2.812513e+09	3.306758e+00
2.812913e+09	3.307345e+00
2.813313e+09	3.307503e+00
2.813714e+09	3.306401e+00
2.814114e+09	3.306884e+00
2.814515e+09	3.306419e+00
2.814915e+09	3.307114e+00
2.815315e+09	3.307222e+00
2.815716e+09	3.307582e+00
2.816116e+09	3.307427e+00
2.816517e+09	3.307214e+00
2.816917e+09	3.306981e+00
2.817317e+09	3.306810e+00
2.817718e+09	3.306932e+00
2.818118e+09	3.308052e+00
2.818519e+09	3.307111e+00
2.818919e+09	3.306516e+00
2.819319e+09	3.307246e+00
2.819720e+09	3.305852e+00
2.820120e+09	3.306296e+00
2.820521e+09	3.306176e+00
2.820921e+09	3.306810e+00
2.821321e+09	3.306566e+00
2.821722e+09	3.306700e+00
2.822122e+09	3.306644e+00
2.822523e+09	3.306010e+00
2.822923e+09	3.306923e+00
2.823323e+09	3.305534e+00
2.823724e+09	3.305854e+00
2.824124e+09	3.305754e+00
2.824525e+09	3.306331e+00
2.824925e+09	3.305301e+00
2.825325e+09	3.305747e+00
2.825726e+09	3.305984e+00
2.826126e+09	3.305192e+00
2.826527e+09	3.305242e+00
2.826927e+09	3.305276e+00
2.827327e+09	3.305182e+00
2.827728e+09	3.304355e+00
2.828128e+09	3.305097e+00
2.828529e+09	3.303692e+00
2.828929e+09	3.302535e+00
2.829329e+09	3.302323e+00
2.829730e+09	3.301371e+00
2.830130e+09	3.299994e+00
2.830531e+09	3.299082e+00
2.830931e+09	3.298579e+00
2.831331e+09	3.297253e+00
2.831732e+09	3.296931e+00
2.832132e+09	3.295713e+00
2.832533e+09	3.294759e+00
2.832933e+09	3.292618e+00
2.833333e+09	3.291788e+00
2.833734e+09	3.288179e+00
2.834134e+09	3.286234e+00
2.834535e+09	3.279916e+00
2.834935e+09	3.272093e+00
2.835335e+09	3.262427e+00
2.835736e+09	3.255816e+00
2.836136e+09	3.250584e+00
2.836537e+09	3.244629e+00
2.836937e+09	3.239371e+00
2.837337e+09	3.229934e+00
2.837738e+09	3.225507e+00
2.838138e+09	3.223162e+00
2.838539e+09	3.223008e+00
2.838939e+09	3.226603e+00
2.839339e+09	3.226454e+00
2.839740e+09	3.223350e+00
2.840140e+09	3.223747e+00
2.840541e+09	3.224927e+00
2.840941e+09	3.232976e+00
2.841341e+09	3.242664e+00
2.841742e+09	3.246847e+00
2.842142e+09	3.252564e+00
2.842543e+09	3.255509e+00
2.842943e+09	3.265280e+00
2.843343e+09	3.275245e+00
2.843744e+09	3.281799e+00
2.844144e+09	3.285399e+00
2.844545e+09	3.287307e+00
2.844945e+09	3.289973e+00
2.845345e+09	3.291078e+00
2.845746e+09	3.294127e+00
2.846146e+09	3.294612e+00
2.846547e+09	3.295947e+00
2.846947e+09	3.297123e+00
2.847347e+09	3.299056e+00
2.847748e+09	3.299888e+00
2.848148e+09	3.301019e+00
2.848549e+09	3.301445e+00
2.848949e+09	3.301530e+00
2.849349e+09	3.301466e+00
2.849750e+09	3.302030e+00
2.850150e+09	3.302474e+00
2.850551e+09	3.304220e+00
2.850951e+09	3.304436e+00
2.851351e+09	3.303953e+00
2.851752e+09	3.304821e+00
2.852152e+09	3.304981e+00
2.852553e+09	3.305213e+00
2.852953e+09	3.304967e+00
2.853353e+09	3.305197e+00
2.853754e+09	3.306084e+00
2.854154e+09	3.305193e+00
2.854555e+09	3.305825e+00
2.854955e+09	3.305432e+00
2.855355e+09	3.306205e+00
2.855756e+09	3.306340e+00
2.856156e+09	3.307078e+00
2.856557e+09	3.305778e+00
2.856957e+09	3.306543e+00
2.857357e+09	3.306325e+00
2.857758e+09	3.305823e+00
2.858158e+09	3.306043e+00
2.858559e+09	3.305896e+00
2.858959e+09	3.307558e+00
2.859359e+09	3.307052e+00
2.859760e+09	3.307827e+00
2.860160e+09	3.306575e+00
2.860561e+09	3.306803e+00
2.860961e+09	3.306892e+00
2.861361e+09	3.306683e+00
2.861762e+09	3.305626e+00
2.862162e+09	3.306213e+00
2.862563e+09	3.306602e+00
2.862963e+09	3.305952e+00
2.863363e+09	3.306635e+00
2.863764e+09	3.306093e+00
2.864164e+09	3.306780e+00
2.864565e+09	3.306636e+00
2.864965e+09	3.307173e+00
2.865365e+09	3.306237e+00
2.865766e+09	3.307078e+00
2.866166e+09	3.306224e+00
2.866567e+09	3.306400e+00
2.866967e+09	3.307255e+00
2.867367e+09	3.307140e+00
2.867768e+09	3.306768e+00
2.868168e+09	3.307032e+00
2.868569e+09	3.307539e+00
2.868969e+09	3.306699e+00
2.869369e+09	3.307375e+00
2.869770e+09	3.306304e+00
2.870170e+09	3.306996e+00
2.870571e+09	3.305389e+00
2.870971e+09	3.306488e+00
2.871371e+09	3.306373e+00
2.871772e+09	3.306348e+00
2.872172e+09	3.306869e+00
2.872573e+09	3.306271e+00
2.872973e+09	3.307177e+00
2.873373e+09	3.306671e+00
2.873774e+09	3.307654e+00
2.874174e+09	3.306820e+00
2.874575e+09	3.307507e+00
2.874975e+09	3.306727e+00
2.875375e+09	3.306567e+00
2.875776e+09	3.305857e+00
2.876176e+09	3.306239e+00
2.876577e+09	3.307456e+00
2.876977e+09	3.306236e+00
2.877377e+09	3.306635e+00
2.877778e+09	3.306419e+00
2.878178e+09	3.307258e+00
2.878579e+09	3.306320e+00
2.878979e+09	3.307132e+00
2.879379e+09	3.306812e+00
2.879780e+09	3.306781e+00
2.880180e+09	3.307143e+00
2.880581e+09	3.307050e+00
2.880981e+09	3.306868e+00
2.881381e+09	3.306811e+00
2.881782e+09	3.306172e+00
2.882182e+09	3.306907e+00
2.882583e+09	3.306593e+00
2.882983e+09	3.306440e+00
2.883383e+09	3.306754e+00
2.883784e+09	3.306191e+00
2.884184e+09	3.306557e+00
2.884585e+09	3.306666e+00
2.884985e+09	3.306659e+00
2.885385e+09	3.307056e+00
2.885786e+09	3.306567e+00
2.886186e+09	3.306630e+00
2.886587e+09	3.305991e+00
2.886987e+09	3.306432e+00
2.887387e+09	3.306500e+00
2.887788e+09	3.306130e+00
2.888188e+09	3.305544e+00
2.888589e+09	3.306076e+00
2.888989e+09	3.305728e+00
2.889389e+09	3.305566e+00
2.889790e+09	3.305894e+00
2.890190e+09	3.305897e+00
2.890591e+09	3.305816e+00
2.890991e+09	3.305269e+00
2.891391e+09	3.305490e+00
2.891792e+09	3.304471e+00
2.892192e+09	3.305220e+00
2.892593e+09	3.303871e+00
2.892993e+09	3.303282e+00
2.893393e+09	3.303009e+00
2.893794e+09	3.302847e+00
2.894194e+09	3.302315e+00
2.894595e+09	3.300427e+00
2.894995e+09	3.299865e+00
2.895395e+09	3.299900e+00
2.895796e+09	3.299370e+00
2.896196e+09	3.298022e+00
2.896597e+09	3.298389e+00
2.896997e+09	3.296038e+00
2.897397e+09	3.294855e+00
2.897798e+09	3.293790e+00
2.898198e+09	3.291751e+00
2.898599e+09	3.287848e+00
2.898999e+09	3.279799e+00
2.899399e+09	3.270663e+00
2.899800e+09	3.266070e+00
2.900200e+09	3.262946e+00
2.900601e+09	3.258463e+00
2.901001e+09	3.254353e+00
2.901401e+09	3.246203e+00
2.901802e+09	3.243687e+00
2.902202e+09	3.243769e+00
2.902603e+09	3.246413e+00
2.903003e+09	3.249960e+00
2.903403e+09	3.246287e+00
2.903804e+09	3.243655e+00
2.904204e+09	3.244919e+00
2.904605e+09	3.249275e+00
2.905005e+09	3.255363e+00
2.905405e+09	3.260570e+00
2.905806e+09	3.264854e+00
2.906206e+09	3.269313e+00
2.906607e+09	3.272280e+00
2.907007e+09	3.281657e+00
2.907407e+09	3.286639e+00
2.907808e+09	3.290714e+00
2.908208e+09	3.293148e+00
2.908609e+09	3.294895e+00
2.909009e+09	3.295997e+00
2.909409e+09	3.296928e+00
2.909810e+09	3.298544e+00
2.910210e+09	3.299517e+00
2.910611e+09	3.300736e+00
2.911011e+09	3.301290e+00
2.911411e+09	3.301828e+00
2.911812e+09	3.302070e+00
2.912212e+09	3.302203e+00
2.912613e+09	3.302936e+00
2.913013e+09	3.302550e+00
2.913413e+09	3.304618e+00
2.913814e+09	3.303849e+00
2.914214e+09	3.305074e+00
2.914615e+09	3.305130e+00
2.915015e+09	3.304754e+00
2.915415e+09	3.305365e+00
2.915816e+09	3.305680e+00
2.916216e+09	3.305072e+00
2.916617e+09	3.305838e+00
2.917017e+09	3.306487e+00
2.917417e+09	3.305915e+00
2.917818e+09	3.307295e+00
2.918218e+09	3.306250e+00
2.918619e+09	3.306334e+00
2.919019e+09	3.306532e+00
2.919419e+09	3.306641e+00
2.919820e+09	3.306694e+00
2.920220e+09	3.306842e+00
2.920621e+09	3.307656e+00
2.921021e+09	3.307263e+00
2.921421e+09	3.306136e+00
2.921822e+09	3.306955e+00
2.922222e+09	3.307347e+00
2.922623e+09	3.306620e+00
2.923023e+09	3.307379e+00
2.923423e+09	3.306232e+00
2.923824e+09	3.307107e+00
2.924224e+09	3.307539e+00
2.924625e+09	3.307284e+00
2.925025e+09	3.307123e+00
2.925425e+09	3.306639e+00
2.925826e+09	3.306542e+00
2.926226e+09	3.306205e+00
2.926627e+09	3.306373e+00
2.927027e+09	3.307229e+00
2.927427e+09	3.307422e+00
2.927828e+09	3.307319e+00
2.928228e+09	3.307047e+00
2.928629e+09	3.306802e+00
2.929029e+09	3.306768e+00
2.929429e+09	3.306252e+00
2.929830e+09	3.306824e+00
2.930230e+09	3.306327e+00
2.930631e+09	3.306520e+00
2.931031e+09	3.306939e+00
2.931431e+09	3.306038e+00
2.931832e+09	3.306440e+00
2.932232e+09	3.307113e+00
2.932633e+09	3.306825e+00
2.933033e+09	3.307432e+00
2.933433e+09	3.306889e+00
2.933834e+09	3.306442e+00
2.934234e+09	3.306688e+00
2.934635e+09	3.307425e+00
2.935035e+09	3.307363e+00
2.935435e+09	3.307279e+00
2.935836e+09	3.306874e+00
2.936236e+09	3.307454e+00
2.936637e+09	3.306796e+00
2.937037e+09	3.306581e+00
2.937437e+09	3.306108e+00
2.937838e+09	3.306564e+00
2.938238e+09	3.307446e+00
2.938639e+09	3.306765e+00
2.939039e+09	3.306534e+00
2.939439e+09	3.306435e+00
2.939840e+09	3.307753e+00
2.940240e+09	3.306158e+00
2.940641e+09	3.306491e+00
2.941041e+09	3.307616e+00
2.941441e+09	3.307337e+00
2.941842e+09	3.307326e+00
2.942242e+09	3.306981e+00
2.942643e+09	3.307157e+00
2.943043e+09	3.307308e+00
2.943443e+09	3.307102e+00
2.943844e+09	3.307862e+00
2.944244e+09	3.307519e+00
2.944645e+09	3.306357e+00
2.945045e+09	3.307786e+00
2.945445e+09	3.306919e+00
2.945846e+09	3.307550e+00
2.946246e+09	3.307207e+00
2.946647e+09	3.307475e+00
2.947047e+09	3.307340e+00
2.947447e+09	3.307558e+00
2.947848e+09	3.306588e+00
2.948248e+09	3.307060e+00
2.948649e+09	3.308049e+00
2.949049e+09	3.306782e+00
2.949449e+09	3.307674e+00
2.949850e+09	3.307006e+00
2.950250e+09	3.307419e+00
2.950651e+09	3.307388e+00
2.951051e+09	3.307488e+00
2.951451e+09	3.307434e+00
2.951852e+09	3.307708e+00
2.952252e+09	3.307599e+00
2.952653e+09	3.307595e+00
2.953053e+09	3.307169e+00
2.953453e+09	3.307240e+00
2.953854e+09	3.307155e+00
2.954254e+09	3.307564e+00
2.954655e+09	3.307533e+00
2.955055e+09	3.307375e+00
2.955455e+09	3.307302e+00
2.955856e+09	3.306667e+00
2.956256e+09	3.307873e+00
2.956657e+09	3.307111e+00
2.957057e+09	3.307464e+00
2.957457e+09	3.307656e+00
2.957858e+09	3.307214e+00
2.958258e+09	3.307671e+00
2.958659e+09	3.306973e+00
2.959059e+09	3.307232e+00
2.959459e+09	3.307528e+00
2.959860e+09	3.307443e+00
2.960260e+09	3.307170e+00
2.960661e+09	3.307061e+00
2.961061e+09	3.307929e+00
2.961461e+09	3.307562e+00
2.961862e+09	3.306566e+00
2.962262e+09	3.307092e+00
2.962663e+09	3.306660e+00
2.963063e+09	3.306844e+00
2.963463e+09	3.306591e+00
2.963864e+09	3.306495e+00
2.964264e+09	3.307339e+00
2.964665e+09	3.306777e+00
2.965065e+09	3.307114e+00
2.965465e+09	3.307075e+00
2.965866e+09	3.307762e+00
2.966266e+09	3.307940e+00
2.966667e+09	3.307034e+00
2.967067e+09	3.307056e+00
2.967467e+09	3.306830e+00
2.967868e+09	3.306787e+00
2.968268e+09	3.306568e+00
2.968669e+09	3.306521e+00
2.969069e+09	3.306823e+00
2.969469e+09	3.306965e+00
2.969870e+09	3.306591e+00
2.970270e+09	3.307045e+00
2.970671e+09	3.306174e+00
2.971071e+09	3.306418e+00
2.971471e+09	3.306759e+00
2.971872e+09	3.306900e+00
2.972272e+09	3.306747e+00
2.972673e+09	3.306253e+00
2.973073e+09	3.306242e+00
2.973473e+09	3.306269e+00
2.973874e+09	3.306174e+00
2.974274e+09	3.306286e+00
2.974675e+09	3.306353e+00
2.975075e+09	3.306817e+00
2.975475e+09	3.306688e+00
2.975876e+09	3.307294e+00
2.976276e+09	3.307268e+00
2.976677e+09	3.307207e+00
2.977077e+09	3.306456e+00
2.977477e+09	3.307614e+00
2.977878e+09	3.306867e+00
2.978278e+09	3.307352e+00
2.978679e+09	3.307534e+00
2.979079e+09	3.306526e+00
2.979479e+09	3.306914e+00
2.979880e+09	3.306624e+00
2.980280e+09	3.306992e+00
2.980681e+09	3.307542e+00
2.981081e+09	3.308007e+00
2.981481e+09	3.307539e+00
2.981882e+09	3.306517e+00
2.982282e+09	3.306936e+00
2.982683e+09	3.307794e+00
2.983083e+09	3.307708e+00
2.983483e+09	3.307766e+00
2.983884e+09	3.308029e+00
2.984284e+09	3.307702e+00
2.984685e+09	3.306671e+00
2.985085e+09	3.306843e+00
2.985485e+09	3.307722e+00
2.985886e+09	3.307339e+00
2.986286e+09	3.307332e+00
2.986687e+09	3.306754e+00
2.987087e+09	3.307120e+00
2.987487e+09	3.307401e+00
2.987888e+09	3.306224e+00
2.988288e+09	3.307134e+00
2.988689e+09	3.307716e+00
2.989089e+09	3.307376e+00
2.989489e+09	3.307745e+00
2.989890e+09	3.307011e+00
2.990290e+09	3.306236e+00
2.990691e+09	3.307611e+00
2.991091e+09	3.307078e+00
2.991491e+09	3.307511e+00
2.991892e+09	3.306747e+00
2.992292e+09	3.307954e+00
2.992693e+09	3.308077e+00
2.993093e+09	3.306781e+00
2.993493e+09	3.307813e+00
2.993894e+09	3.307466e+00
2.994294e+09	3.307554e+00
2.994695e+09	3.307412e+00
2.995095e+09	3.306919e+00
2.995495e+09	3.306893e+00
2.995896e+09	3.307695e+00
2.996296e+09	3.307889e+00
2.996697e+09	3.306963e+00
2.997097e+09	3.307210e+00
2.997497e+09	3.307595e+00
2.997898e+09	3.307561e+00
2.998298e+09	3.306682e+00
2.998699e+09	3.307222e+00
2.999099e+09	3.306903e+00
2.999499e+09	3.307822e+00
2.999900e+09	3.308091e+00
3.000300e+09	3.307215e+00
3.000701e+09	3.307243e+00
3.001101e+09	3.307231e+00
3.001502e+09	3.307532e+00
3.001902e+09	3.306960e+00
3.002302e+09	3.307579e+00
3.002703e+09	3.307488e+00
3.003103e+09	3.307275e+00
3.003504e+09	3.307374e+00
3.003904e+09	3.307185e+00
3.004304e+09	3.307149e+00
3.004705e+09	3.307986e+00
3.005105e+09	3.307822e+00
3.005506e+09	3.307155e+00
3.005906e+09	3.306301e+00
3.006306e+09	3.307331e+00
3.006707e+09	3.308111e+00
3.007107e+09	3.307604e+00
3.007508e+09	3.307100e+00
3.007908e+09	3.306659e+00
3.008308e+09	3.306919e+00
3.008709e+09	3.308322e+00
3.009109e+09	3.307324e+00
3.009510e+09	3.306891e+00
3.009910e+09	3.307252e+00
3.010310e+09	3.306947e+00
3.010711e+09	3.307213e+00
3.011111e+09	3.306367e+00
3.011512e+09	3.307422e+00
3.011912e+09	3.307715e+00
3.012312e+09	3.307812e+00
3.012713e+09	3.307666e+00
3.013113e+09	3.306706e+00
3.013514e+09	3.307149e+00
3.013914e+09	3.307674e+00
3.014314e+09	3.306862e+00
3.014715e+09	3.307035e+00
3.015115e+09	3.306873e+00
3.015516e+09	3.307123e+00
3.015916e+09	3.307331e+00
3.016316e+09	3.305906e+00
3.016717e+09	3.307029e+00
3.017117e+09	3.306791e+00
3.017518e+09	3.307686e+00
3.017918e+09	3.307856e+00
3.018318e+09	3.306962e+00
3.018719e+09	3.307152e+00
3.019119e+09	3.307568e+00
3.019520e+09	3.306719e+00
3.019920e+09	3.307710e+00
3.020320e+09	3.307443e+00
3.020721e+09	3.307001e+00
3.021121e+09	3.307225e+00
3.021522e+09	3.306844e+00
3.021922e+09	3.306470e+00
3.022322e+09	3.306976e+00
3.022723e+09	3.307605e+00
3.023123e+09	3.307229e+00
3.023524e+09	3.307134e+00
3.023924e+09	3.307668e+00
3.024324e+09	3.306688e+00
3.024725e+09	3.306381e+00
3.025125e+09	3.307265e+00
3.025526e+09	3.306950e+00
3.025926e+09	3.306849e+00
3.026326e+09	3.307402e+00
3.026727e+09	3.306847e+00
3.027127e+09	3.306806e+00
3.027528e+09	3.306852e+00
3.027928e+09	3.307124e+00
3.028328e+09	3.306876e+00
3.028729e+09	3.307011e+00
3.029129e+09	3.306959e+00
3.029530e+09	3.307228e+00
3.029930e+09	3.307953e+00
3.030330e+09	3.306199e+00
3.030731e+09	3.307181e+00
3.031131e+09	3.307589e+00
3.031532e+09	3.307478e+00
3.031932e+09	3.307651e+00
3.032332e+09	3.306270e+00
3.032733e+09	3.307403e+00
3.033133e+09	3.307148e+00
3.033534e+09	3.306980e+00
3.033934e+09	3.306674e+00
3.034334e+09	3.307490e+00
3.034735e+09	3.307353e+00
3.035135e+09	3.307736e+00
3.035536e+09	3.307232e+00
3.035936e+09	3.307875e+00
3.036336e+09	3.307303e+00
3.036737e+09	3.307279e+00
3.037137e+09	3.307099e+00
3.037538e+09	3.306035e+00
3.037938e+09	3.307136e+00
3.038338e+09	3.307285e+00
3.038739e+09	3.306924e+00
3.039139e+09	3.306854e+00
3.039540e+09	3.306568e+00
3.039940e+09	3.307251e+00
3.040340e+09	3.307709e+00
3.040741e+09	3.307218e+00
3.041141e+09	3.307190e+00
3.041542e+09	3.307456e+00
3.041942e+09	3.307231e+00
3.042342e+09	3.307014e+00
3.042743e+09	3.305920e+00
3.043143e+09	3.307224e+00
3.043544e+09	3.307094e+00
3.043944e+09	3.307512e+00
3.044344e+09	3.306911e+00
3.044745e+09	3.306990e+00
3.045145e+09	3.306452e+00
3.045546e+09	3.306466e+00
3.045946e+09	3.306600e+00
3.046346e+09	3.306895e+00
3.046747e+09	3.307122e+00
3.047147e+09	3.307102e+00
3.047548e+09	3.307353e+00
3.047948e+09	3.306303e+00
3.048348e+09	3.307285e+00
3.048749e+09	3.307228e+00
3.049149e+09	3.307498e+00
3.049550e+09	3.306877e+00
3.049950e+09	3.307003e+00
3.050350e+09	3.306920e+00
3.050751e+09	3.307166e+00
3.051151e+09	3.307439e+00
3.051552e+09	3.306153e+00
3.051952e+09	3.307110e+00
3.052352e+09	3.306972e+00
3.052753e+09	3.307155e+00
3.053153e+09	3.307389e+00
3.053554e+09	3.306680e+00
3.053954e+09	3.306820e+00
3.054354e+09	3.307333e+00
3.054755e+09	3.307066e+00
3.055155e+09	3.307145e+00
3.055556e+09	3.306994e+00
3.055956e+09	3.307161e+00
3.056356e+09	3.306902e+00
3.056757e+09	3.306170e+00
3.057157e+09	3.306429e+00
3.057558e+09	3.307082e+00
3.057958e+09	3.306831e+00
3.058358e+09	3.306897e+00
3.058759e+09	3.306371e+00
3.059159e+09	3.306596e+00
3.059560e+09	3.307319e+00
3.059960e+09	3.307374e+00
3.060360e+09	3.307068e+00
3.060761e+09	3.306363e+00
3.061161e+09	3.307284e+00
3.061562e+09	3.307001e+00
3.061962e+09	3.306366e+00
3.062362e+09	3.307452e+00
3.062763e+09	3.307159e+00
3.063163e+09	3.307470e+00
3.063564e+09	3.307096e+00
3.063964e+09	3.306733e+00
3.064364e+09	3.306956e+00
3.064765e+09	3.306783e+00
3.065165e+09	3.306422e+00
3.065566e+09	3.306017e+00
3.065966e+09	3.306522e+00
3.066366e+09	3.306919e+00
3.066767e+09	3.306490e+00
3.067167e+09	3.306983e+00
3.067568e+09	3.307344e+00
3.067968e+09	3.307197e+00
3.068368e+09	3.307044e+00
3.068769e+09	3.307405e+00
3.069169e+09	3.306453e+00
3.069570e+09	3.307329e+00
3.069970e+09	3.306891e+00
3.070370e+09	3.307084e+00
3.070771e+09	3.306787e+00
3.071171e+09	3.307419e+00
3.071572e+09	3.307006e+00
3.071972e+09	3.307144e+00
3.072372e+09	3.307245e+00
3.072773e+09	3.305942e+00
3.073173e+09	3.306105e+00
3.073574e+09	3.306763e+00
3.073974e+09	3.306578e+00
3.074374e+09	3.306853e+00
3.074775e+09	3.307015e+00
3.075175e+09	3.307522e+00
3.075576e+09	3.308025e+00
3.075976e+09	3.307471e+00
3.076376e+09	3.307114e+00
3.076777e+09	3.307056e+00
3.077177e+09	3.307105e+00
3.077578e+09	3.307131e+00
3.077978e+09	3.306695e+00
3.078378e+09	3.307399e+00
3.078779e+09	3.306980e+00
3.079179e+09	3.307741e+00
3.079580e+09	3.306952e+00
3.079980e+09	3.306911e+00
3.080380e+09	3.306793e+00
3.080781e+09	3.307725e+00
3.081181e+09	3.307822e+00
3.081582e+09	3.306920e+00
3.081982e+09	3.307478e+00
3.082382e+09	3.307695e+00
3.082783e+09	3.307130e+00
3.083183e+09	3.306667e+00
3.083584e+09	3.307250e+00
3.083984e+09	3.307465e+00
3.084384e+09	3.307459e+00
3.084785e+09	3.306811e+00
3.085185e+09	3.306010e+00
3.085586e+09	3.307371e+00
3.085986e+09	3.307115e+00
3.086386e+09	3.307067e+00
3.086787e+09	3.306942e+00
3.087187e+09	3.307476e+00
3.087588e+09	3.307746e+00
3.087988e+09	3.307436e+00
3.088388e+09	3.307216e+00
3.088789e+09	3.307247e+00
3.089189e+09	3.306946e+00
3.089590e+09	3.307321e+00
3.089990e+09	3.308063e+00
3.090390e+09	3.307517e+00
3.090791e+09	3.307792e+00
3.091191e+09	3.307482e+00
3.091592e+09	3.307192e+00
3.091992e+09	3.307328e+00
3.092392e+09	3.307638e+00
3.092793e+09	3.307967e+00
3.093193e+09	3.307361e+00
3.093594e+09	3.307844e+00
3.093994e+09	3.307154e+00
3.094394e+09	3.307816e+00
3.094795e+09	3.307113e+00
3.095195e+09	3.307399e+00
3.095596e+09	3.307157e+00
3.095996e+09	3.307313e+00
3.096396e+09	3.306872e+00
3.096797e+09	3.307738e+00
3.097197e+09	3.307331e+00
3.097598e+09	3.307649e+00
3.097998e+09	3.307754e+00
3.098398e+09	3.307840e+00
3.098799e+09	3.308391e+00
3.099199e+09	3.306394e+00
3.099600e+09	3.307908e+00
3.100000e+09	3.307157e+00
