#Saved Data from the class wainteach_gui on 29.10.2025 at 12h13m17s.
#
#Parameters:
#===========
#
#laser setpoint (mW): 2.6600000000000001e+01
#MW limits (Hz): [2790000000.0, 2960000000.0]
#Acquisition (sample): 1000
#Average (acquisition): 10
#MW power (dBm): 6.0000000000000000e+00
#Field enabling: True
#coils currents [x, y, z] (A): [1.145271, 0.520304, 1.286667]
#coils fields [bx, by, bz] (T): [0.001078, 0.000493, 0.00193]
#coils fields [norm, theta, phi] (T, °, °): [0.002265, 31.5, 24.6]
#
#Data:
#=====
#frequency	voltage	
2.790000e+09	3.319221e+00
2.790170e+09	3.319131e+00
2.790340e+09	3.319810e+00
2.790511e+09	3.319274e+00
2.790681e+09	3.318906e+00
2.790851e+09	3.318850e+00
2.791021e+09	3.319030e+00
2.791191e+09	3.318900e+00
2.791361e+09	3.318860e+00
2.791532e+09	3.319468e+00
2.791702e+09	3.319362e+00
2.791872e+09	3.319010e+00
2.792042e+09	3.319148e+00
2.792212e+09	3.319396e+00
2.792382e+09	3.319085e+00
2.792553e+09	3.319756e+00
2.792723e+09	3.318966e+00
2.792893e+09	3.318676e+00
2.793063e+09	3.318839e+00
2.793233e+09	3.318696e+00
2.793403e+09	3.319206e+00
2.793574e+09	3.319187e+00
2.793744e+09	3.319458e+00
2.793914e+09	3.319063e+00
2.794084e+09	3.319483e+00
2.794254e+09	3.319533e+00
2.794424e+09	3.319276e+00
2.794595e+09	3.318975e+00
2.794765e+09	3.319335e+00
2.794935e+09	3.319003e+00
2.795105e+09	3.318394e+00
2.795275e+09	3.318708e+00
2.795445e+09	3.319133e+00
2.795616e+09	3.319310e+00
2.795786e+09	3.319115e+00
2.795956e+09	3.319746e+00
2.796126e+09	3.319325e+00
2.796296e+09	3.319598e+00
2.796466e+09	3.319504e+00
2.796637e+09	3.319246e+00
2.796807e+09	3.319212e+00
2.796977e+09	3.318659e+00
2.797147e+09	3.318804e+00
2.797317e+09	3.318931e+00
2.797487e+09	3.319404e+00
2.797658e+09	3.319399e+00
2.797828e+09	3.319552e+00
2.797998e+09	3.319375e+00
2.798168e+09	3.319598e+00
2.798338e+09	3.319303e+00
2.798509e+09	3.319362e+00
2.798679e+09	3.319368e+00
2.798849e+09	3.319064e+00
2.799019e+09	3.319587e+00
2.799189e+09	3.319045e+00
2.799359e+09	3.319656e+00
2.799530e+09	3.319115e+00
2.799700e+09	3.319458e+00
2.799870e+09	3.319196e+00
2.800040e+09	3.319227e+00
2.800210e+09	3.319469e+00
2.800380e+09	3.319416e+00
2.800551e+09	3.319279e+00
2.800721e+09	3.318948e+00
2.800891e+09	3.319247e+00
2.801061e+09	3.319006e+00
2.801231e+09	3.319249e+00
2.801401e+09	3.319232e+00
2.801572e+09	3.319227e+00
2.801742e+09	3.319002e+00
2.801912e+09	3.319133e+00
2.802082e+09	3.318718e+00
2.802252e+09	3.318521e+00
2.802422e+09	3.319460e+00
2.802593e+09	3.318800e+00
2.802763e+09	3.319408e+00
2.802933e+09	3.318909e+00
2.803103e+09	3.318929e+00
2.803273e+09	3.318675e+00
2.803443e+09	3.318927e+00
2.803614e+09	3.318751e+00
2.803784e+09	3.318355e+00
2.803954e+09	3.318658e+00
2.804124e+09	3.317912e+00
2.804294e+09	3.318417e+00
2.804464e+09	3.318311e+00
2.804635e+09	3.318540e+00
2.804805e+09	3.318103e+00
2.804975e+09	3.319076e+00
2.805145e+09	3.317911e+00
2.805315e+09	3.318178e+00
2.805485e+09	3.317842e+00
2.805656e+09	3.317444e+00
2.805826e+09	3.317174e+00
2.805996e+09	3.317193e+00
2.806166e+09	3.317355e+00
2.806336e+09	3.317097e+00
2.806507e+09	3.317776e+00
2.806677e+09	3.317895e+00
2.806847e+09	3.317710e+00
2.807017e+09	3.317631e+00
2.807187e+09	3.317884e+00
2.807357e+09	3.316976e+00
2.807528e+09	3.316846e+00
2.807698e+09	3.317026e+00
2.807868e+09	3.316296e+00
2.808038e+09	3.316599e+00
2.808208e+09	3.315969e+00
2.808378e+09	3.316728e+00
2.808549e+09	3.316351e+00
2.808719e+09	3.316633e+00
2.808889e+09	3.315794e+00
2.809059e+09	3.316134e+00
2.809229e+09	3.315914e+00
2.809399e+09	3.315400e+00
2.809570e+09	3.315345e+00
2.809740e+09	3.314809e+00
2.809910e+09	3.315077e+00
2.810080e+09	3.314092e+00
2.810250e+09	3.314000e+00
2.810420e+09	3.313153e+00
2.810591e+09	3.312984e+00
2.810761e+09	3.312032e+00
2.810931e+09	3.312217e+00
2.811101e+09	3.310754e+00
2.811271e+09	3.309980e+00
2.811441e+09	3.309210e+00
2.811612e+09	3.307064e+00
2.811782e+09	3.305895e+00
2.811952e+09	3.302619e+00
2.812122e+09	3.301205e+00
2.812292e+09	3.298036e+00
2.812462e+09	3.297583e+00
2.812633e+09	3.297113e+00
2.812803e+09	3.298624e+00
2.812973e+09	3.300876e+00
2.813143e+09	3.302096e+00
2.813313e+09	3.303016e+00
2.813483e+09	3.303816e+00
2.813654e+09	3.304152e+00
2.813824e+09	3.302526e+00
2.813994e+09	3.301564e+00
2.814164e+09	3.298573e+00
2.814334e+09	3.296257e+00
2.814505e+09	3.293956e+00
2.814675e+09	3.294538e+00
2.814845e+09	3.295635e+00
2.815015e+09	3.297226e+00
2.815185e+09	3.299849e+00
2.815355e+09	3.301312e+00
2.815526e+09	3.303056e+00
2.815696e+09	3.303043e+00
2.815866e+09	3.303579e+00
2.816036e+09	3.302089e+00
2.816206e+09	3.301062e+00
2.816376e+09	3.298598e+00
2.816547e+09	3.296991e+00
2.816717e+09	3.295557e+00
2.816887e+09	3.295998e+00
2.817057e+09	3.297806e+00
2.817227e+09	3.300341e+00
2.817397e+09	3.303945e+00
2.817568e+09	3.305555e+00
2.817738e+09	3.308187e+00
2.817908e+09	3.308912e+00
2.818078e+09	3.310508e+00
2.818248e+09	3.311523e+00
2.818418e+09	3.312379e+00
2.818589e+09	3.312140e+00
2.818759e+09	3.312500e+00
2.818929e+09	3.312799e+00
2.819099e+09	3.312458e+00
2.819269e+09	3.312838e+00
2.819439e+09	3.312620e+00
2.819610e+09	3.313511e+00
2.819780e+09	3.313685e+00
2.819950e+09	3.314237e+00
2.820120e+09	3.314646e+00
2.820290e+09	3.315298e+00
2.820460e+09	3.315290e+00
2.820631e+09	3.315628e+00
2.820801e+09	3.315663e+00
2.820971e+09	3.315505e+00
2.821141e+09	3.316291e+00
2.821311e+09	3.315181e+00
2.821481e+09	3.315855e+00
2.821652e+09	3.315393e+00
2.821822e+09	3.315913e+00
2.821992e+09	3.315809e+00
2.822162e+09	3.316260e+00
2.822332e+09	3.316089e+00
2.822503e+09	3.316098e+00
2.822673e+09	3.316394e+00
2.822843e+09	3.316358e+00
2.823013e+09	3.316365e+00
2.823183e+09	3.315752e+00
2.823353e+09	3.316246e+00
2.823524e+09	3.315189e+00
2.823694e+09	3.315618e+00
2.823864e+09	3.315234e+00
2.824034e+09	3.315235e+00
2.824204e+09	3.315339e+00
2.824374e+09	3.315556e+00
2.824545e+09	3.315891e+00
2.824715e+09	3.315807e+00
2.824885e+09	3.316384e+00
2.825055e+09	3.315508e+00
2.825225e+09	3.315053e+00
2.825395e+09	3.315155e+00
2.825566e+09	3.315311e+00
2.825736e+09	3.314864e+00
2.825906e+09	3.314965e+00
2.826076e+09	3.315001e+00
2.826246e+09	3.315113e+00
2.826416e+09	3.315236e+00
2.826587e+09	3.315013e+00
2.826757e+09	3.314986e+00
2.826927e+09	3.314619e+00
2.827097e+09	3.315381e+00
2.827267e+09	3.313968e+00
2.827437e+09	3.313885e+00
2.827608e+09	3.313806e+00
2.827778e+09	3.313267e+00
2.827948e+09	3.312953e+00
2.828118e+09	3.312468e+00
2.828288e+09	3.311600e+00
2.828458e+09	3.311577e+00
2.828629e+09	3.311598e+00
2.828799e+09	3.310206e+00
2.828969e+09	3.309633e+00
2.829139e+09	3.308143e+00
2.829309e+09	3.307224e+00
2.829479e+09	3.304734e+00
2.829650e+09	3.303805e+00
2.829820e+09	3.300722e+00
2.829990e+09	3.298292e+00
2.830160e+09	3.295950e+00
2.830330e+09	3.294133e+00
2.830501e+09	3.294143e+00
2.830671e+09	3.295309e+00
2.830841e+09	3.297797e+00
2.831011e+09	3.299286e+00
2.831181e+09	3.300884e+00
2.831351e+09	3.301776e+00
2.831522e+09	3.301567e+00
2.831692e+09	3.300731e+00
2.831862e+09	3.299418e+00
2.832032e+09	3.296934e+00
2.832202e+09	3.294429e+00
2.832372e+09	3.293153e+00
2.832543e+09	3.291606e+00
2.832713e+09	3.292874e+00
2.832883e+09	3.294526e+00
2.833053e+09	3.297252e+00
2.833223e+09	3.299397e+00
2.833393e+09	3.301022e+00
2.833564e+09	3.301664e+00
2.833734e+09	3.301701e+00
2.833904e+09	3.300674e+00
2.834074e+09	3.299529e+00
2.834244e+09	3.297125e+00
2.834414e+09	3.295505e+00
2.834585e+09	3.294089e+00
2.834755e+09	3.293876e+00
2.834925e+09	3.295526e+00
2.835095e+09	3.297856e+00
2.835265e+09	3.300815e+00
2.835435e+09	3.303786e+00
2.835606e+09	3.305631e+00
2.835776e+09	3.307937e+00
2.835946e+09	3.308908e+00
2.836116e+09	3.310418e+00
2.836286e+09	3.310625e+00
2.836456e+09	3.310811e+00
2.836627e+09	3.311401e+00
2.836797e+09	3.311454e+00
2.836967e+09	3.310774e+00
2.837137e+09	3.311283e+00
2.837307e+09	3.311017e+00
2.837477e+09	3.311129e+00
2.837648e+09	3.311870e+00
2.837818e+09	3.312143e+00
2.837988e+09	3.312964e+00
2.838158e+09	3.313239e+00
2.838328e+09	3.313871e+00
2.838498e+09	3.313425e+00
2.838669e+09	3.313958e+00
2.838839e+09	3.313265e+00
2.839009e+09	3.314138e+00
2.839179e+09	3.313981e+00
2.839349e+09	3.313914e+00
2.839520e+09	3.313169e+00
2.839690e+09	3.313023e+00
2.839860e+09	3.313495e+00
2.840030e+09	3.313162e+00
2.840200e+09	3.313443e+00
2.840370e+09	3.313400e+00
2.840541e+09	3.313930e+00
2.840711e+09	3.313542e+00
2.840881e+09	3.314056e+00
2.841051e+09	3.313869e+00
2.841221e+09	3.313837e+00
2.841391e+09	3.313759e+00
2.841562e+09	3.313099e+00
2.841732e+09	3.313301e+00
2.841902e+09	3.313132e+00
2.842072e+09	3.313194e+00
2.842242e+09	3.312793e+00
2.842412e+09	3.312691e+00
2.842583e+09	3.312330e+00
2.842753e+09	3.312054e+00
2.842923e+09	3.311556e+00
2.843093e+09	3.311444e+00
2.843263e+09	3.310806e+00
2.843433e+09	3.310622e+00
2.843604e+09	3.309660e+00
2.843774e+09	3.307642e+00
2.843944e+09	3.306318e+00
2.844114e+09	3.303894e+00
2.844284e+09	3.301901e+00
2.844454e+09	3.298691e+00
2.844625e+09	3.296473e+00
2.844795e+09	3.293374e+00
2.844965e+09	3.292502e+00
2.845135e+09	3.293469e+00
2.845305e+09	3.295593e+00
2.845475e+09	3.297843e+00
2.845646e+09	3.299894e+00
2.845816e+09	3.301639e+00
2.845986e+09	3.301667e+00
2.846156e+09	3.301349e+00
2.846326e+09	3.300192e+00
2.846496e+09	3.298678e+00
2.846667e+09	3.295839e+00
2.846837e+09	3.293553e+00
2.847007e+09	3.291451e+00
2.847177e+09	3.290966e+00
2.847347e+09	3.293339e+00
2.847518e+09	3.295753e+00
2.847688e+09	3.298314e+00
2.847858e+09	3.300561e+00
2.848028e+09	3.302137e+00
2.848198e+09	3.301754e+00
2.848368e+09	3.301739e+00
2.848539e+09	3.300493e+00
2.848709e+09	3.298645e+00
2.848879e+09	3.296181e+00
2.849049e+09	3.293825e+00
2.849219e+09	3.292948e+00
2.849389e+09	3.293642e+00
2.849560e+09	3.296615e+00
2.849730e+09	3.299743e+00
2.849900e+09	3.302485e+00
2.850070e+09	3.304959e+00
2.850240e+09	3.307434e+00
2.850410e+09	3.308435e+00
2.850581e+09	3.309685e+00
2.850751e+09	3.310538e+00
2.850921e+09	3.311147e+00
2.851091e+09	3.311947e+00
2.851261e+09	3.311598e+00
2.851431e+09	3.311722e+00
2.851602e+09	3.311757e+00
2.851772e+09	3.312027e+00
2.851942e+09	3.311174e+00
2.852112e+09	3.311995e+00
2.852282e+09	3.312344e+00
2.852452e+09	3.313166e+00
2.852623e+09	3.313919e+00
2.852793e+09	3.314472e+00
2.852963e+09	3.314790e+00
2.853133e+09	3.315307e+00
2.853303e+09	3.315557e+00
2.853473e+09	3.315051e+00
2.853644e+09	3.314973e+00
2.853814e+09	3.315019e+00
2.853984e+09	3.315112e+00
2.854154e+09	3.315059e+00
2.854324e+09	3.315635e+00
2.854494e+09	3.315557e+00
2.854665e+09	3.315994e+00
2.854835e+09	3.315805e+00
2.855005e+09	3.315581e+00
2.855175e+09	3.315241e+00
2.855345e+09	3.315298e+00
2.855516e+09	3.315544e+00
2.855686e+09	3.315263e+00
2.855856e+09	3.315399e+00
2.856026e+09	3.315156e+00
2.856196e+09	3.315467e+00
2.856366e+09	3.315380e+00
2.856537e+09	3.315242e+00
2.856707e+09	3.315173e+00
2.856877e+09	3.315314e+00
2.857047e+09	3.314927e+00
2.857217e+09	3.314020e+00
2.857387e+09	3.313884e+00
2.857558e+09	3.314410e+00
2.857728e+09	3.315107e+00
2.857898e+09	3.314542e+00
2.858068e+09	3.314836e+00
2.858238e+09	3.314796e+00
2.858408e+09	3.314727e+00
2.858579e+09	3.314484e+00
2.858749e+09	3.314441e+00
2.858919e+09	3.314150e+00
2.859089e+09	3.313847e+00
2.859259e+09	3.313709e+00
2.859429e+09	3.312902e+00
2.859600e+09	3.313120e+00
2.859770e+09	3.312945e+00
2.859940e+09	3.312713e+00
2.860110e+09	3.311776e+00
2.860280e+09	3.311455e+00
2.860450e+09	3.310705e+00
2.860621e+09	3.309782e+00
2.860791e+09	3.309180e+00
2.860961e+09	3.308047e+00
2.861131e+09	3.306630e+00
2.861301e+09	3.304784e+00
2.861471e+09	3.302710e+00
2.861642e+09	3.300664e+00
2.861812e+09	3.297670e+00
2.861982e+09	3.295085e+00
2.862152e+09	3.292946e+00
2.862322e+09	3.292877e+00
2.862492e+09	3.293329e+00
2.862663e+09	3.295419e+00
2.862833e+09	3.297766e+00
2.863003e+09	3.299976e+00
2.863173e+09	3.300204e+00
2.863343e+09	3.300953e+00
2.863514e+09	3.300186e+00
2.863684e+09	3.298991e+00
2.863854e+09	3.297072e+00
2.864024e+09	3.294499e+00
2.864194e+09	3.292320e+00
2.864364e+09	3.291265e+00
2.864535e+09	3.291842e+00
2.864705e+09	3.293303e+00
2.864875e+09	3.296583e+00
2.865045e+09	3.298954e+00
2.865215e+09	3.300958e+00
2.865385e+09	3.301245e+00
2.865556e+09	3.301538e+00
2.865726e+09	3.300876e+00
2.865896e+09	3.299398e+00
2.866066e+09	3.297729e+00
2.866236e+09	3.295596e+00
2.866406e+09	3.294339e+00
2.866577e+09	3.294319e+00
2.866747e+09	3.296931e+00
2.866917e+09	3.299242e+00
2.867087e+09	3.302215e+00
2.867257e+09	3.305410e+00
2.867427e+09	3.307410e+00
2.867598e+09	3.308829e+00
2.867768e+09	3.309917e+00
2.867938e+09	3.310889e+00
2.868108e+09	3.311473e+00
2.868278e+09	3.311972e+00
2.868448e+09	3.312022e+00
2.868619e+09	3.312125e+00
2.868789e+09	3.312346e+00
2.868959e+09	3.312521e+00
2.869129e+09	3.311719e+00
2.869299e+09	3.311395e+00
2.869469e+09	3.311876e+00
2.869640e+09	3.312919e+00
2.869810e+09	3.313834e+00
2.869980e+09	3.314068e+00
2.870150e+09	3.314332e+00
2.870320e+09	3.314372e+00
2.870490e+09	3.314814e+00
2.870661e+09	3.314703e+00
2.870831e+09	3.314704e+00
2.871001e+09	3.314761e+00
2.871171e+09	3.315932e+00
2.871341e+09	3.316032e+00
2.871512e+09	3.315913e+00
2.871682e+09	3.316018e+00
2.871852e+09	3.316664e+00
2.872022e+09	3.317018e+00
2.872192e+09	3.316707e+00
2.872362e+09	3.316453e+00
2.872533e+09	3.316485e+00
2.872703e+09	3.316189e+00
2.872873e+09	3.315896e+00
2.873043e+09	3.315682e+00
2.873213e+09	3.315755e+00
2.873383e+09	3.316087e+00
2.873554e+09	3.315708e+00
2.873724e+09	3.315338e+00
2.873894e+09	3.315460e+00
2.874064e+09	3.315521e+00
2.874234e+09	3.315630e+00
2.874404e+09	3.314971e+00
2.874575e+09	3.315247e+00
2.874745e+09	3.314947e+00
2.874915e+09	3.315227e+00
2.875085e+09	3.315210e+00
2.875255e+09	3.314814e+00
2.875425e+09	3.314569e+00
2.875596e+09	3.314139e+00
2.875766e+09	3.313962e+00
2.875936e+09	3.313417e+00
2.876106e+09	3.313793e+00
2.876276e+09	3.313121e+00
2.876446e+09	3.312625e+00
2.876617e+09	3.311654e+00
2.876787e+09	3.310737e+00
2.876957e+09	3.308928e+00
2.877127e+09	3.307391e+00
2.877297e+09	3.304977e+00
2.877467e+09	3.302635e+00
2.877638e+09	3.299124e+00
2.877808e+09	3.296904e+00
2.877978e+09	3.296706e+00
2.878148e+09	3.297583e+00
2.878318e+09	3.299857e+00
2.878488e+09	3.301756e+00
2.878659e+09	3.303322e+00
2.878829e+09	3.303624e+00
2.878999e+09	3.304217e+00
2.879169e+09	3.303727e+00
2.879339e+09	3.302627e+00
2.879510e+09	3.300564e+00
2.879680e+09	3.297587e+00
2.879850e+09	3.295356e+00
2.880020e+09	3.293778e+00
2.880190e+09	3.294279e+00
2.880360e+09	3.296365e+00
2.880531e+09	3.298755e+00
2.880701e+09	3.301302e+00
2.880871e+09	3.302789e+00
2.881041e+09	3.303669e+00
2.881211e+09	3.303923e+00
2.881381e+09	3.303364e+00
2.881552e+09	3.302086e+00
2.881722e+09	3.299973e+00
2.881892e+09	3.297381e+00
2.882062e+09	3.295073e+00
2.882232e+09	3.294571e+00
2.882402e+09	3.296301e+00
2.882573e+09	3.298788e+00
2.882743e+09	3.301586e+00
2.882913e+09	3.304184e+00
2.883083e+09	3.306401e+00
2.883253e+09	3.308327e+00
2.883423e+09	3.309095e+00
2.883594e+09	3.310545e+00
2.883764e+09	3.311699e+00
2.883934e+09	3.311881e+00
2.884104e+09	3.312373e+00
2.884274e+09	3.312281e+00
2.884444e+09	3.312062e+00
2.884615e+09	3.312400e+00
2.884785e+09	3.312080e+00
2.884955e+09	3.311477e+00
2.885125e+09	3.312165e+00
2.885295e+09	3.313703e+00
2.885465e+09	3.314109e+00
2.885636e+09	3.314388e+00
2.885806e+09	3.314860e+00
2.885976e+09	3.315123e+00
2.886146e+09	3.315210e+00
2.886316e+09	3.315414e+00
2.886486e+09	3.315102e+00
2.886657e+09	3.315367e+00
2.886827e+09	3.315694e+00
2.886997e+09	3.315829e+00
2.887167e+09	3.315771e+00
2.887337e+09	3.316041e+00
2.887508e+09	3.316033e+00
2.887678e+09	3.315878e+00
2.887848e+09	3.315680e+00
2.888018e+09	3.315484e+00
2.888188e+09	3.315505e+00
2.888358e+09	3.315062e+00
2.888529e+09	3.315395e+00
2.888699e+09	3.315758e+00
2.888869e+09	3.315856e+00
2.889039e+09	3.316079e+00
2.889209e+09	3.316180e+00
2.889379e+09	3.315606e+00
2.889550e+09	3.315035e+00
2.889720e+09	3.314955e+00
2.889890e+09	3.314959e+00
2.890060e+09	3.315505e+00
2.890230e+09	3.315417e+00
2.890400e+09	3.315728e+00
2.890571e+09	3.316275e+00
2.890741e+09	3.316175e+00
2.890911e+09	3.316256e+00
2.891081e+09	3.316070e+00
2.891251e+09	3.315676e+00
2.891421e+09	3.315726e+00
2.891592e+09	3.315500e+00
2.891762e+09	3.314648e+00
2.891932e+09	3.315111e+00
2.892102e+09	3.314284e+00
2.892272e+09	3.314185e+00
2.892442e+09	3.314169e+00
2.892613e+09	3.314009e+00
2.892783e+09	3.313834e+00
2.892953e+09	3.313547e+00
2.893123e+09	3.312765e+00
2.893293e+09	3.311849e+00
2.893463e+09	3.310820e+00
2.893634e+09	3.309203e+00
2.893804e+09	3.307784e+00
2.893974e+09	3.305178e+00
2.894144e+09	3.302689e+00
2.894314e+09	3.299833e+00
2.894484e+09	3.297417e+00
2.894655e+09	3.295838e+00
2.894825e+09	3.297185e+00
2.894995e+09	3.299755e+00
2.895165e+09	3.302320e+00
2.895335e+09	3.304232e+00
2.895506e+09	3.305430e+00
2.895676e+09	3.305864e+00
2.895846e+09	3.305608e+00
2.896016e+09	3.304924e+00
2.896186e+09	3.303400e+00
2.896356e+09	3.301185e+00
2.896527e+09	3.298455e+00
2.896697e+09	3.296004e+00
2.896867e+09	3.295393e+00
2.897037e+09	3.297262e+00
2.897207e+09	3.299992e+00
2.897377e+09	3.302970e+00
2.897548e+09	3.304576e+00
2.897718e+09	3.305814e+00
2.897888e+09	3.306529e+00
2.898058e+09	3.306144e+00
2.898228e+09	3.305316e+00
2.898398e+09	3.303772e+00
2.898569e+09	3.301102e+00
2.898739e+09	3.298915e+00
2.898909e+09	3.297339e+00
2.899079e+09	3.297817e+00
2.899249e+09	3.300486e+00
2.899419e+09	3.303710e+00
2.899590e+09	3.306281e+00
2.899760e+09	3.308641e+00
2.899930e+09	3.310167e+00
2.900100e+09	3.311859e+00
2.900270e+09	3.312567e+00
2.900440e+09	3.313305e+00
2.900611e+09	3.313519e+00
2.900781e+09	3.313640e+00
2.900951e+09	3.313517e+00
2.901121e+09	3.313295e+00
2.901291e+09	3.313269e+00
2.901461e+09	3.312533e+00
2.901632e+09	3.312831e+00
2.901802e+09	3.312855e+00
2.901972e+09	3.313455e+00
2.902142e+09	3.313995e+00
2.902312e+09	3.314786e+00
2.902482e+09	3.315291e+00
2.902653e+09	3.315105e+00
2.902823e+09	3.314964e+00
2.902993e+09	3.314613e+00
2.903163e+09	3.314789e+00
2.903333e+09	3.314894e+00
2.903504e+09	3.314744e+00
2.903674e+09	3.315497e+00
2.903844e+09	3.315152e+00
2.904014e+09	3.315745e+00
2.904184e+09	3.315485e+00
2.904354e+09	3.315696e+00
2.904525e+09	3.315878e+00
2.904695e+09	3.315851e+00
2.904865e+09	3.315865e+00
2.905035e+09	3.315697e+00
2.905205e+09	3.315930e+00
2.905375e+09	3.315786e+00
2.905546e+09	3.315411e+00
2.905716e+09	3.315015e+00
2.905886e+09	3.314771e+00
2.906056e+09	3.314564e+00
2.906226e+09	3.314110e+00
2.906396e+09	3.313783e+00
2.906567e+09	3.313485e+00
2.906737e+09	3.313389e+00
2.906907e+09	3.313312e+00
2.907077e+09	3.312537e+00
2.907247e+09	3.311396e+00
2.907417e+09	3.310135e+00
2.907588e+09	3.308265e+00
2.907758e+09	3.305985e+00
2.907928e+09	3.302946e+00
2.908098e+09	3.299833e+00
2.908268e+09	3.298165e+00
2.908438e+09	3.298902e+00
2.908609e+09	3.301228e+00
2.908779e+09	3.303725e+00
2.908949e+09	3.305827e+00
2.909119e+09	3.307261e+00
2.909289e+09	3.308183e+00
2.909459e+09	3.308049e+00
2.909630e+09	3.306751e+00
2.909800e+09	3.305640e+00
2.909970e+09	3.302938e+00
2.910140e+09	3.300981e+00
2.910310e+09	3.298456e+00
2.910480e+09	3.297037e+00
2.910651e+09	3.299071e+00
2.910821e+09	3.302471e+00
2.910991e+09	3.304379e+00
2.911161e+09	3.306194e+00
2.911331e+09	3.307827e+00
2.911502e+09	3.307565e+00
2.911672e+09	3.308264e+00
2.911842e+09	3.306399e+00
2.912012e+09	3.305696e+00
2.912182e+09	3.302659e+00
2.912352e+09	3.300717e+00
2.912523e+09	3.298932e+00
2.912693e+09	3.299059e+00
2.912863e+09	3.300730e+00
2.913033e+09	3.303696e+00
2.913203e+09	3.306457e+00
2.913373e+09	3.308374e+00
2.913544e+09	3.310639e+00
2.913714e+09	3.311480e+00
2.913884e+09	3.312797e+00
2.914054e+09	3.313369e+00
2.914224e+09	3.313916e+00
2.914394e+09	3.313936e+00
2.914565e+09	3.314967e+00
2.914735e+09	3.314329e+00
2.914905e+09	3.314902e+00
2.915075e+09	3.314548e+00
2.915245e+09	3.314010e+00
2.915415e+09	3.314095e+00
2.915586e+09	3.314087e+00
2.915756e+09	3.315286e+00
2.915926e+09	3.315399e+00
2.916096e+09	3.316459e+00
2.916266e+09	3.315854e+00
2.916436e+09	3.316676e+00
2.916607e+09	3.316363e+00
2.916777e+09	3.316830e+00
2.916947e+09	3.316341e+00
2.917117e+09	3.316351e+00
2.917287e+09	3.316445e+00
2.917457e+09	3.316278e+00
2.917628e+09	3.316521e+00
2.917798e+09	3.316238e+00
2.917968e+09	3.316278e+00
2.918138e+09	3.316071e+00
2.918308e+09	3.316821e+00
2.918478e+09	3.316485e+00
2.918649e+09	3.317148e+00
2.918819e+09	3.317007e+00
2.918989e+09	3.317164e+00
2.919159e+09	3.316834e+00
2.919329e+09	3.316236e+00
2.919499e+09	3.316038e+00
2.919670e+09	3.316089e+00
2.919840e+09	3.316462e+00
2.920010e+09	3.315966e+00
2.920180e+09	3.316691e+00
2.920350e+09	3.315784e+00
2.920521e+09	3.316839e+00
2.920691e+09	3.316273e+00
2.920861e+09	3.316937e+00
2.921031e+09	3.316566e+00
2.921201e+09	3.316253e+00
2.921371e+09	3.316588e+00
2.921542e+09	3.316151e+00
2.921712e+09	3.315871e+00
2.921882e+09	3.315558e+00
2.922052e+09	3.315984e+00
2.922222e+09	3.315075e+00
2.922392e+09	3.314885e+00
2.922563e+09	3.314741e+00
2.922733e+09	3.314702e+00
2.922903e+09	3.314235e+00
2.923073e+09	3.314139e+00
2.923243e+09	3.313355e+00
2.923413e+09	3.312263e+00
2.923584e+09	3.311499e+00
2.923754e+09	3.309583e+00
2.923924e+09	3.307755e+00
2.924094e+09	3.304721e+00
2.924264e+09	3.302419e+00
2.924434e+09	3.300265e+00
2.924605e+09	3.299782e+00
2.924775e+09	3.301990e+00
2.924945e+09	3.304387e+00
2.925115e+09	3.306337e+00
2.925285e+09	3.307884e+00
2.925455e+09	3.308835e+00
2.925626e+09	3.308844e+00
2.925796e+09	3.309384e+00
2.925966e+09	3.308028e+00
2.926136e+09	3.306226e+00
2.926306e+09	3.303140e+00
2.926476e+09	3.300875e+00
2.926647e+09	3.299161e+00
2.926817e+09	3.300707e+00
2.926987e+09	3.302790e+00
2.927157e+09	3.305664e+00
2.927327e+09	3.307999e+00
2.927497e+09	3.309142e+00
2.927668e+09	3.309639e+00
2.927838e+09	3.309329e+00
2.928008e+09	3.309554e+00
2.928178e+09	3.307714e+00
2.928348e+09	3.306199e+00
2.928519e+09	3.303811e+00
2.928689e+09	3.301852e+00
2.928859e+09	3.301936e+00
2.929029e+09	3.303485e+00
2.929199e+09	3.306189e+00
2.929369e+09	3.308796e+00
2.929540e+09	3.310579e+00
2.929710e+09	3.311970e+00
2.929880e+09	3.313569e+00
2.930050e+09	3.313855e+00
2.930220e+09	3.315203e+00
2.930390e+09	3.315001e+00
2.930561e+09	3.315554e+00
2.930731e+09	3.315743e+00
2.930901e+09	3.315913e+00
2.931071e+09	3.315850e+00
2.931241e+09	3.316242e+00
2.931411e+09	3.316138e+00
2.931582e+09	3.315790e+00
2.931752e+09	3.316463e+00
2.931922e+09	3.316941e+00
2.932092e+09	3.317249e+00
2.932262e+09	3.317324e+00
2.932432e+09	3.317366e+00
2.932603e+09	3.317723e+00
2.932773e+09	3.317605e+00
2.932943e+09	3.317163e+00
2.933113e+09	3.317224e+00
2.933283e+09	3.317361e+00
2.933453e+09	3.317385e+00
2.933624e+09	3.317342e+00
2.933794e+09	3.317988e+00
2.933964e+09	3.318009e+00
2.934134e+09	3.318562e+00
2.934304e+09	3.318323e+00
2.934474e+09	3.318514e+00
2.934645e+09	3.318722e+00
2.934815e+09	3.318418e+00
2.934985e+09	3.318546e+00
2.935155e+09	3.318483e+00
2.935325e+09	3.318937e+00
2.935495e+09	3.318578e+00
2.935666e+09	3.318485e+00
2.935836e+09	3.319229e+00
2.936006e+09	3.318765e+00
2.936176e+09	3.318894e+00
2.936346e+09	3.318708e+00
2.936517e+09	3.318952e+00
2.936687e+09	3.318757e+00
2.936857e+09	3.319142e+00
2.937027e+09	3.319344e+00
2.937197e+09	3.319260e+00
2.937367e+09	3.319368e+00
2.937538e+09	3.319284e+00
2.937708e+09	3.319402e+00
2.937878e+09	3.319390e+00
2.938048e+09	3.319057e+00
2.938218e+09	3.319254e+00
2.938388e+09	3.319056e+00
2.938559e+09	3.319798e+00
2.938729e+09	3.319320e+00
2.938899e+09	3.319398e+00
2.939069e+09	3.319499e+00
2.939239e+09	3.319439e+00
2.939409e+09	3.319268e+00
2.939580e+09	3.319263e+00
2.939750e+09	3.319550e+00
2.939920e+09	3.319173e+00
2.940090e+09	3.319455e+00
2.940260e+09	3.319396e+00
2.940430e+09	3.319527e+00
2.940601e+09	3.319483e+00
2.940771e+09	3.319500e+00
2.940941e+09	3.319269e+00
2.941111e+09	3.319572e+00
2.941281e+09	3.319578e+00
2.941451e+09	3.319518e+00
2.941622e+09	3.319537e+00
2.941792e+09	3.319185e+00
2.941962e+09	3.319491e+00
2.942132e+09	3.319314e+00
2.942302e+09	3.319932e+00
2.942472e+09	3.319426e+00
2.942643e+09	3.319315e+00
2.942813e+09	3.319575e+00
2.942983e+09	3.319148e+00
2.943153e+09	3.319221e+00
2.943323e+09	3.319251e+00
2.943493e+09	3.319449e+00
2.943664e+09	3.319282e+00
2.943834e+09	3.319687e+00
2.944004e+09	3.319283e+00
2.944174e+09	3.319590e+00
2.944344e+09	3.319183e+00
2.944515e+09	3.319561e+00
2.944685e+09	3.318741e+00
2.944855e+09	3.319134e+00
2.945025e+09	3.319019e+00
2.945195e+09	3.318946e+00
2.945365e+09	3.319234e+00
2.945536e+09	3.319070e+00
2.945706e+09	3.319004e+00
2.945876e+09	3.319301e+00
2.946046e+09	3.319217e+00
2.946216e+09	3.319004e+00
2.946386e+09	3.319155e+00
2.946557e+09	3.318839e+00
2.946727e+09	3.319196e+00
2.946897e+09	3.318906e+00
2.947067e+09	3.319851e+00
2.947237e+09	3.319418e+00
2.947407e+09	3.319400e+00
2.947578e+09	3.319589e+00
2.947748e+09	3.319386e+00
2.947918e+09	3.319063e+00
2.948088e+09	3.319304e+00
2.948258e+09	3.319384e+00
2.948428e+09	3.319106e+00
2.948599e+09	3.319624e+00
2.948769e+09	3.319834e+00
2.948939e+09	3.319706e+00
2.949109e+09	3.319610e+00
2.949279e+09	3.319701e+00
2.949449e+09	3.319605e+00
2.949620e+09	3.319505e+00
2.949790e+09	3.319739e+00
2.949960e+09	3.319225e+00
2.950130e+09	3.319458e+00
2.950300e+09	3.319342e+00
2.950470e+09	3.319650e+00
2.950641e+09	3.319609e+00
2.950811e+09	3.320124e+00
2.950981e+09	3.319180e+00
2.951151e+09	3.319163e+00
2.951321e+09	3.319234e+00
2.951491e+09	3.319078e+00
2.951662e+09	3.318978e+00
2.951832e+09	3.319320e+00
2.952002e+09	3.319508e+00
2.952172e+09	3.319162e+00
2.952342e+09	3.319108e+00
2.952513e+09	3.319152e+00
2.952683e+09	3.319358e+00
2.952853e+09	3.319213e+00
2.953023e+09	3.319462e+00
2.953193e+09	3.319408e+00
2.953363e+09	3.319252e+00
2.953534e+09	3.319342e+00
2.953704e+09	3.319040e+00
2.953874e+09	3.319272e+00
2.954044e+09	3.319396e+00
2.954214e+09	3.319323e+00
2.954384e+09	3.318965e+00
2.954555e+09	3.319158e+00
2.954725e+09	3.318864e+00
2.954895e+09	3.319159e+00
2.955065e+09	3.319192e+00
2.955235e+09	3.319483e+00
2.955405e+09	3.319531e+00
2.955576e+09	3.319273e+00
2.955746e+09	3.319628e+00
2.955916e+09	3.319474e+00
2.956086e+09	3.319530e+00
2.956256e+09	3.319334e+00
2.956426e+09	3.319564e+00
2.956597e+09	3.319020e+00
2.956767e+09	3.319381e+00
2.956937e+09	3.318762e+00
2.957107e+09	3.319001e+00
2.957277e+09	3.319321e+00
2.957447e+09	3.319237e+00
2.957618e+09	3.319139e+00
2.957788e+09	3.319536e+00
2.957958e+09	3.319554e+00
2.958128e+09	3.319468e+00
2.958298e+09	3.319680e+00
2.958468e+09	3.319480e+00
2.958639e+09	3.319015e+00
2.958809e+09	3.319370e+00
2.958979e+09	3.319412e+00
2.959149e+09	3.319154e+00
2.959319e+09	3.319371e+00
2.959489e+09	3.319460e+00
2.959660e+09	3.319350e+00
2.959830e+09	3.319589e+00
2.960000e+09	3.319357e+00
