#Saved Data from the class wainteach_gui on 29.10.2025 at 11h00m22s.
#
#Parameters:
#===========
#
#laser setpoint (mW): 2.6600000000000001e+01
#MW limits (Hz): [2790000000.0, 2960000000.0]
#Acquisition (sample): 1000
#Average (acquisition): 3
#MW power (dBm): 0.0000000000000000e+00
#Field enabling: True
#coils currents [x, y, z] (A): [1.062699, 0.527983, 1.34]
#coils fields [bx, by, bz] (T): [0.001, 0.0005, 0.00201]
#coils fields [norm, theta, phi] (T, °, °): [0.0023, 29.1, 26.6]
#
#Data:
#=====
#frequency	voltage	
2.790000e+09	3.310422e+00
2.790170e+09	3.310507e+00
2.790340e+09	3.310414e+00
2.790511e+09	3.309343e+00
2.790681e+09	3.310051e+00
2.790851e+09	3.310209e+00
2.791021e+09	3.309934e+00
2.791191e+09	3.310546e+00
2.791361e+09	3.310975e+00
2.791532e+09	3.309807e+00
2.791702e+09	3.310497e+00
2.791872e+09	3.310740e+00
2.792042e+09	3.310270e+00
2.792212e+09	3.310997e+00
2.792382e+09	3.310097e+00
2.792553e+09	3.310297e+00
2.792723e+09	3.310068e+00
2.792893e+09	3.310881e+00
2.793063e+09	3.310420e+00
2.793233e+09	3.311173e+00
2.793403e+09	3.311189e+00
2.793574e+09	3.311275e+00
2.793744e+09	3.310324e+00
2.793914e+09	3.310930e+00
2.794084e+09	3.310360e+00
2.794254e+09	3.310917e+00
2.794424e+09	3.311494e+00
2.794595e+09	3.310687e+00
2.794765e+09	3.310196e+00
2.794935e+09	3.310654e+00
2.795105e+09	3.310081e+00
2.795275e+09	3.310395e+00
2.795445e+09	3.310602e+00
2.795616e+09	3.311016e+00
2.795786e+09	3.310110e+00
2.795956e+09	3.310344e+00
2.796126e+09	3.309955e+00
2.796296e+09	3.310302e+00
2.796466e+09	3.310710e+00
2.796637e+09	3.310586e+00
2.796807e+09	3.310222e+00
2.796977e+09	3.310133e+00
2.797147e+09	3.309752e+00
2.797317e+09	3.310435e+00
2.797487e+09	3.310197e+00
2.797658e+09	3.310544e+00
2.797828e+09	3.310076e+00
2.797998e+09	3.310585e+00
2.798168e+09	3.310700e+00
2.798338e+09	3.309999e+00
2.798509e+09	3.310216e+00
2.798679e+09	3.309992e+00
2.798849e+09	3.310599e+00
2.799019e+09	3.310217e+00
2.799189e+09	3.309969e+00
2.799359e+09	3.309785e+00
2.799530e+09	3.310385e+00
2.799700e+09	3.309480e+00
2.799870e+09	3.309897e+00
2.800040e+09	3.309838e+00
2.800210e+09	3.309199e+00
2.800380e+09	3.309891e+00
2.800551e+09	3.309650e+00
2.800721e+09	3.310412e+00
2.800891e+09	3.309959e+00
2.801061e+09	3.309690e+00
2.801231e+09	3.310057e+00
2.801401e+09	3.309923e+00
2.801572e+09	3.309501e+00
2.801742e+09	3.309449e+00
2.801912e+09	3.309946e+00
2.802082e+09	3.308800e+00
2.802252e+09	3.308861e+00
2.802422e+09	3.309206e+00
2.802593e+09	3.308467e+00
2.802763e+09	3.308456e+00
2.802933e+09	3.309959e+00
2.803103e+09	3.309223e+00
2.803273e+09	3.308833e+00
2.803443e+09	3.309321e+00
2.803614e+09	3.308153e+00
2.803784e+09	3.308943e+00
2.803954e+09	3.308035e+00
2.804124e+09	3.308667e+00
2.804294e+09	3.308348e+00
2.804464e+09	3.308039e+00
2.804635e+09	3.308611e+00
2.804805e+09	3.308070e+00
2.804975e+09	3.308255e+00
2.805145e+09	3.307625e+00
2.805315e+09	3.307207e+00
2.805485e+09	3.307304e+00
2.805656e+09	3.307056e+00
2.805826e+09	3.306129e+00
2.805996e+09	3.305980e+00
2.806166e+09	3.306747e+00
2.806336e+09	3.306200e+00
2.806507e+09	3.305986e+00
2.806677e+09	3.307203e+00
2.806847e+09	3.306495e+00
2.807017e+09	3.305954e+00
2.807187e+09	3.306352e+00
2.807357e+09	3.305206e+00
2.807528e+09	3.304175e+00
2.807698e+09	3.303293e+00
2.807868e+09	3.304159e+00
2.808038e+09	3.304227e+00
2.808208e+09	3.303324e+00
2.808378e+09	3.303929e+00
2.808549e+09	3.303318e+00
2.808719e+09	3.303677e+00
2.808889e+09	3.302417e+00
2.809059e+09	3.301609e+00
2.809229e+09	3.302110e+00
2.809399e+09	3.301231e+00
2.809570e+09	3.299712e+00
2.809740e+09	3.300330e+00
2.809910e+09	3.299616e+00
2.810080e+09	3.299039e+00
2.810250e+09	3.299033e+00
2.810420e+09	3.296997e+00
2.810591e+09	3.296004e+00
2.810761e+09	3.294785e+00
2.810931e+09	3.293958e+00
2.811101e+09	3.291386e+00
2.811271e+09	3.290892e+00
2.811441e+09	3.289912e+00
2.811612e+09	3.288178e+00
2.811782e+09	3.286688e+00
2.811952e+09	3.285668e+00
2.812122e+09	3.283807e+00
2.812292e+09	3.281389e+00
2.812462e+09	3.279979e+00
2.812633e+09	3.277579e+00
2.812803e+09	3.277400e+00
2.812973e+09	3.277877e+00
2.813143e+09	3.277949e+00
2.813313e+09	3.278610e+00
2.813483e+09	3.279021e+00
2.813654e+09	3.279232e+00
2.813824e+09	3.277713e+00
2.813994e+09	3.277052e+00
2.814164e+09	3.275300e+00
2.814334e+09	3.273658e+00
2.814505e+09	3.272801e+00
2.814675e+09	3.272592e+00
2.814845e+09	3.272245e+00
2.815015e+09	3.272778e+00
2.815185e+09	3.274934e+00
2.815355e+09	3.276164e+00
2.815526e+09	3.277251e+00
2.815696e+09	3.277672e+00
2.815866e+09	3.277133e+00
2.816036e+09	3.276840e+00
2.816206e+09	3.277358e+00
2.816376e+09	3.275191e+00
2.816547e+09	3.275824e+00
2.816717e+09	3.275921e+00
2.816887e+09	3.276404e+00
2.817057e+09	3.277910e+00
2.817227e+09	3.280169e+00
2.817397e+09	3.281169e+00
2.817568e+09	3.283958e+00
2.817738e+09	3.285768e+00
2.817908e+09	3.286139e+00
2.818078e+09	3.288687e+00
2.818248e+09	3.290569e+00
2.818418e+09	3.292148e+00
2.818589e+09	3.292578e+00
2.818759e+09	3.294757e+00
2.818929e+09	3.295156e+00
2.819099e+09	3.295784e+00
2.819269e+09	3.296829e+00
2.819439e+09	3.296271e+00
2.819610e+09	3.296548e+00
2.819780e+09	3.297272e+00
2.819950e+09	3.298446e+00
2.820120e+09	3.298740e+00
2.820290e+09	3.299872e+00
2.820460e+09	3.300068e+00
2.820631e+09	3.300745e+00
2.820801e+09	3.300934e+00
2.820971e+09	3.301131e+00
2.821141e+09	3.301434e+00
2.821311e+09	3.301658e+00
2.821481e+09	3.301918e+00
2.821652e+09	3.301377e+00
2.821822e+09	3.301468e+00
2.821992e+09	3.301332e+00
2.822162e+09	3.302200e+00
2.822332e+09	3.303302e+00
2.822503e+09	3.302894e+00
2.822673e+09	3.302792e+00
2.822843e+09	3.302731e+00
2.823013e+09	3.302036e+00
2.823183e+09	3.301889e+00
2.823353e+09	3.302355e+00
2.823524e+09	3.301592e+00
2.823694e+09	3.302129e+00
2.823864e+09	3.301594e+00
2.824034e+09	3.301202e+00
2.824204e+09	3.301768e+00
2.824374e+09	3.302502e+00
2.824545e+09	3.302626e+00
2.824715e+09	3.302178e+00
2.824885e+09	3.301491e+00
2.825055e+09	3.301254e+00
2.825225e+09	3.301045e+00
2.825395e+09	3.299485e+00
2.825566e+09	3.299338e+00
2.825736e+09	3.298467e+00
2.825906e+09	3.299467e+00
2.826076e+09	3.299604e+00
2.826246e+09	3.299303e+00
2.826416e+09	3.300373e+00
2.826587e+09	3.300294e+00
2.826757e+09	3.299508e+00
2.826927e+09	3.298551e+00
2.827097e+09	3.298302e+00
2.827267e+09	3.297697e+00
2.827437e+09	3.297445e+00
2.827608e+09	3.296652e+00
2.827778e+09	3.295878e+00
2.827948e+09	3.295221e+00
2.828118e+09	3.295311e+00
2.828288e+09	3.294238e+00
2.828458e+09	3.292584e+00
2.828629e+09	3.291515e+00
2.828799e+09	3.290967e+00
2.828969e+09	3.289829e+00
2.829139e+09	3.288262e+00
2.829309e+09	3.286694e+00
2.829479e+09	3.285453e+00
2.829650e+09	3.282612e+00
2.829820e+09	3.281598e+00
2.829990e+09	3.280721e+00
2.830160e+09	3.278343e+00
2.830330e+09	3.275846e+00
2.830501e+09	3.273891e+00
2.830671e+09	3.272145e+00
2.830841e+09	3.271599e+00
2.831011e+09	3.272159e+00
2.831181e+09	3.272177e+00
2.831351e+09	3.273659e+00
2.831522e+09	3.273755e+00
2.831692e+09	3.273690e+00
2.831862e+09	3.272719e+00
2.832032e+09	3.271360e+00
2.832202e+09	3.270299e+00
2.832372e+09	3.268466e+00
2.832543e+09	3.267954e+00
2.832713e+09	3.268070e+00
2.832883e+09	3.268570e+00
2.833053e+09	3.269054e+00
2.833223e+09	3.270350e+00
2.833393e+09	3.272073e+00
2.833564e+09	3.272865e+00
2.833734e+09	3.272993e+00
2.833904e+09	3.273776e+00
2.834074e+09	3.272957e+00
2.834244e+09	3.272444e+00
2.834414e+09	3.271431e+00
2.834585e+09	3.271049e+00
2.834755e+09	3.270014e+00
2.834925e+09	3.271372e+00
2.835095e+09	3.272096e+00
2.835265e+09	3.273190e+00
2.835435e+09	3.275043e+00
2.835606e+09	3.277513e+00
2.835776e+09	3.280069e+00
2.835946e+09	3.282641e+00
2.836116e+09	3.284413e+00
2.836286e+09	3.286141e+00
2.836456e+09	3.286611e+00
2.836627e+09	3.287389e+00
2.836797e+09	3.288170e+00
2.836967e+09	3.287759e+00
2.837137e+09	3.287057e+00
2.837307e+09	3.287704e+00
2.837477e+09	3.287544e+00
2.837648e+09	3.288602e+00
2.837818e+09	3.289853e+00
2.837988e+09	3.291632e+00
2.838158e+09	3.291081e+00
2.838328e+09	3.291992e+00
2.838498e+09	3.292632e+00
2.838669e+09	3.292210e+00
2.838839e+09	3.292181e+00
2.839009e+09	3.292803e+00
2.839179e+09	3.292757e+00
2.839349e+09	3.291582e+00
2.839520e+09	3.292303e+00
2.839690e+09	3.291321e+00
2.839860e+09	3.289802e+00
2.840030e+09	3.289475e+00
2.840200e+09	3.288915e+00
2.840370e+09	3.288409e+00
2.840541e+09	3.286311e+00
2.840711e+09	3.286181e+00
2.840881e+09	3.284787e+00
2.841051e+09	3.283645e+00
2.841221e+09	3.281153e+00
2.841391e+09	3.278842e+00
2.841562e+09	3.275904e+00
2.841732e+09	3.273973e+00
2.841902e+09	3.272179e+00
2.842072e+09	3.269528e+00
2.842242e+09	3.268679e+00
2.842412e+09	3.269019e+00
2.842583e+09	3.269025e+00
2.842753e+09	3.271067e+00
2.842923e+09	3.271878e+00
2.843093e+09	3.272252e+00
2.843263e+09	3.271624e+00
2.843433e+09	3.271286e+00
2.843604e+09	3.270506e+00
2.843774e+09	3.268646e+00
2.843944e+09	3.266831e+00
2.844114e+09	3.267014e+00
2.844284e+09	3.265277e+00
2.844454e+09	3.266709e+00
2.844625e+09	3.267427e+00
2.844795e+09	3.269094e+00
2.844965e+09	3.271134e+00
2.845135e+09	3.271296e+00
2.845305e+09	3.273295e+00
2.845475e+09	3.272647e+00
2.845646e+09	3.272410e+00
2.845816e+09	3.272940e+00
2.845986e+09	3.272226e+00
2.846156e+09	3.271236e+00
2.846326e+09	3.271990e+00
2.846496e+09	3.270887e+00
2.846667e+09	3.271428e+00
2.846837e+09	3.274167e+00
2.847007e+09	3.275195e+00
2.847177e+09	3.277630e+00
2.847347e+09	3.279903e+00
2.847518e+09	3.283477e+00
2.847688e+09	3.285414e+00
2.847858e+09	3.288746e+00
2.848028e+09	3.290266e+00
2.848198e+09	3.291499e+00
2.848368e+09	3.292309e+00
2.848539e+09	3.292714e+00
2.848709e+09	3.293193e+00
2.848879e+09	3.292792e+00
2.849049e+09	3.293274e+00
2.849219e+09	3.293048e+00
2.849389e+09	3.293741e+00
2.849560e+09	3.295703e+00
2.849730e+09	3.297719e+00
2.849900e+09	3.298416e+00
2.850070e+09	3.299289e+00
2.850240e+09	3.299484e+00
2.850410e+09	3.298973e+00
2.850581e+09	3.300361e+00
2.850751e+09	3.299996e+00
2.850921e+09	3.300846e+00
2.851091e+09	3.300556e+00
2.851261e+09	3.301273e+00
2.851431e+09	3.300770e+00
2.851602e+09	3.301761e+00
2.851772e+09	3.301973e+00
2.851942e+09	3.301288e+00
2.852112e+09	3.301874e+00
2.852282e+09	3.301953e+00
2.852452e+09	3.301627e+00
2.852623e+09	3.301461e+00
2.852793e+09	3.302160e+00
2.852963e+09	3.300946e+00
2.853133e+09	3.301541e+00
2.853303e+09	3.300425e+00
2.853473e+09	3.300228e+00
2.853644e+09	3.301161e+00
2.853814e+09	3.301136e+00
2.853984e+09	3.300542e+00
2.854154e+09	3.300600e+00
2.854324e+09	3.300742e+00
2.854494e+09	3.299967e+00
2.854665e+09	3.299062e+00
2.854835e+09	3.297930e+00
2.855005e+09	3.298826e+00
2.855175e+09	3.298285e+00
2.855345e+09	3.299052e+00
2.855516e+09	3.299142e+00
2.855686e+09	3.298891e+00
2.855856e+09	3.299308e+00
2.856026e+09	3.299368e+00
2.856196e+09	3.299241e+00
2.856366e+09	3.298681e+00
2.856537e+09	3.298359e+00
2.856707e+09	3.296681e+00
2.856877e+09	3.295697e+00
2.857047e+09	3.294944e+00
2.857217e+09	3.294147e+00
2.857387e+09	3.293295e+00
2.857558e+09	3.292644e+00
2.857728e+09	3.292173e+00
2.857898e+09	3.290246e+00
2.858068e+09	3.289492e+00
2.858238e+09	3.287587e+00
2.858408e+09	3.286064e+00
2.858579e+09	3.283877e+00
2.858749e+09	3.282313e+00
2.858919e+09	3.280886e+00
2.859089e+09	3.278061e+00
2.859259e+09	3.275714e+00
2.859429e+09	3.274372e+00
2.859600e+09	3.273584e+00
2.859770e+09	3.270920e+00
2.859940e+09	3.271230e+00
2.860110e+09	3.271047e+00
2.860280e+09	3.271741e+00
2.860450e+09	3.271974e+00
2.860621e+09	3.271770e+00
2.860791e+09	3.272367e+00
2.860961e+09	3.271345e+00
2.861131e+09	3.271101e+00
2.861301e+09	3.269562e+00
2.861471e+09	3.269605e+00
2.861642e+09	3.268057e+00
2.861812e+09	3.267369e+00
2.861982e+09	3.266680e+00
2.862152e+09	3.268113e+00
2.862322e+09	3.268676e+00
2.862492e+09	3.271042e+00
2.862663e+09	3.271987e+00
2.862833e+09	3.272991e+00
2.863003e+09	3.274224e+00
2.863173e+09	3.273105e+00
2.863343e+09	3.274368e+00
2.863514e+09	3.273097e+00
2.863684e+09	3.272220e+00
2.863854e+09	3.271481e+00
2.864024e+09	3.272087e+00
2.864194e+09	3.272822e+00
2.864364e+09	3.274923e+00
2.864535e+09	3.277385e+00
2.864705e+09	3.280538e+00
2.864875e+09	3.283639e+00
2.865045e+09	3.285952e+00
2.865215e+09	3.289449e+00
2.865385e+09	3.290776e+00
2.865556e+09	3.292018e+00
2.865726e+09	3.292413e+00
2.865896e+09	3.293304e+00
2.866066e+09	3.293401e+00
2.866236e+09	3.294278e+00
2.866406e+09	3.294357e+00
2.866577e+09	3.294955e+00
2.866747e+09	3.296347e+00
2.866917e+09	3.296287e+00
2.867087e+09	3.298299e+00
2.867257e+09	3.298681e+00
2.867427e+09	3.300048e+00
2.867598e+09	3.300070e+00
2.867768e+09	3.300649e+00
2.867938e+09	3.301179e+00
2.868108e+09	3.302313e+00
2.868278e+09	3.302391e+00
2.868448e+09	3.303837e+00
2.868619e+09	3.303334e+00
2.868789e+09	3.303584e+00
2.868959e+09	3.304466e+00
2.869129e+09	3.303409e+00
2.869299e+09	3.303977e+00
2.869469e+09	3.303501e+00
2.869640e+09	3.304610e+00
2.869810e+09	3.304181e+00
2.869980e+09	3.304484e+00
2.870150e+09	3.305545e+00
2.870320e+09	3.306142e+00
2.870490e+09	3.306095e+00
2.870661e+09	3.306538e+00
2.870831e+09	3.305881e+00
2.871001e+09	3.305082e+00
2.871171e+09	3.305293e+00
2.871341e+09	3.305891e+00
2.871512e+09	3.305144e+00
2.871682e+09	3.305916e+00
2.871852e+09	3.307095e+00
2.872022e+09	3.307539e+00
2.872192e+09	3.307940e+00
2.872362e+09	3.307774e+00
2.872533e+09	3.307552e+00
2.872703e+09	3.306857e+00
2.872873e+09	3.306476e+00
2.873043e+09	3.305881e+00
2.873213e+09	3.305051e+00
2.873383e+09	3.305251e+00
2.873554e+09	3.305904e+00
2.873724e+09	3.306552e+00
2.873894e+09	3.306013e+00
2.874064e+09	3.306646e+00
2.874234e+09	3.306325e+00
2.874404e+09	3.306286e+00
2.874575e+09	3.304699e+00
2.874745e+09	3.305644e+00
2.874915e+09	3.304953e+00
2.875085e+09	3.304455e+00
2.875255e+09	3.303408e+00
2.875425e+09	3.303370e+00
2.875596e+09	3.303105e+00
2.875766e+09	3.304163e+00
2.875936e+09	3.303568e+00
2.876106e+09	3.303957e+00
2.876276e+09	3.304346e+00
2.876446e+09	3.303176e+00
2.876617e+09	3.303105e+00
2.876787e+09	3.301774e+00
2.876957e+09	3.302235e+00
2.877127e+09	3.302677e+00
2.877297e+09	3.302964e+00
2.877467e+09	3.302145e+00
2.877638e+09	3.301276e+00
2.877808e+09	3.300733e+00
2.877978e+09	3.300012e+00
2.878148e+09	3.298836e+00
2.878318e+09	3.297332e+00
2.878488e+09	3.296690e+00
2.878659e+09	3.296529e+00
2.878829e+09	3.295645e+00
2.878999e+09	3.294142e+00
2.879169e+09	3.293866e+00
2.879339e+09	3.290918e+00
2.879510e+09	3.289388e+00
2.879680e+09	3.286520e+00
2.879850e+09	3.284391e+00
2.880020e+09	3.281696e+00
2.880190e+09	3.278483e+00
2.880360e+09	3.277059e+00
2.880531e+09	3.275386e+00
2.880701e+09	3.275504e+00
2.880871e+09	3.276536e+00
2.881041e+09	3.277008e+00
2.881211e+09	3.278943e+00
2.881381e+09	3.279735e+00
2.881552e+09	3.279027e+00
2.881722e+09	3.278031e+00
2.881892e+09	3.276444e+00
2.882062e+09	3.274630e+00
2.882232e+09	3.272295e+00
2.882402e+09	3.271645e+00
2.882573e+09	3.271303e+00
2.882743e+09	3.271098e+00
2.882913e+09	3.272029e+00
2.883083e+09	3.273790e+00
2.883253e+09	3.274923e+00
2.883423e+09	3.276919e+00
2.883594e+09	3.277075e+00
2.883764e+09	3.277757e+00
2.883934e+09	3.277042e+00
2.884104e+09	3.277044e+00
2.884274e+09	3.274727e+00
2.884444e+09	3.273547e+00
2.884615e+09	3.272474e+00
2.884785e+09	3.272983e+00
2.884955e+09	3.274866e+00
2.885125e+09	3.276262e+00
2.885295e+09	3.278964e+00
2.885465e+09	3.281766e+00
2.885636e+09	3.284290e+00
2.885806e+09	3.285393e+00
2.885976e+09	3.288472e+00
2.886146e+09	3.290157e+00
2.886316e+09	3.291274e+00
2.886486e+09	3.292846e+00
2.886657e+09	3.293501e+00
2.886827e+09	3.294472e+00
2.886997e+09	3.294896e+00
2.887167e+09	3.296220e+00
2.887337e+09	3.294485e+00
2.887508e+09	3.295622e+00
2.887678e+09	3.295903e+00
2.887848e+09	3.297750e+00
2.888018e+09	3.298317e+00
2.888188e+09	3.299991e+00
2.888358e+09	3.300402e+00
2.888529e+09	3.301027e+00
2.888699e+09	3.301034e+00
2.888869e+09	3.301508e+00
2.889039e+09	3.301655e+00
2.889209e+09	3.301699e+00
2.889379e+09	3.302114e+00
2.889550e+09	3.301307e+00
2.889720e+09	3.301280e+00
2.889890e+09	3.302282e+00
2.890060e+09	3.302350e+00
2.890230e+09	3.303217e+00
2.890400e+09	3.302965e+00
2.890571e+09	3.303862e+00
2.890741e+09	3.303396e+00
2.890911e+09	3.303317e+00
2.891081e+09	3.302605e+00
2.891251e+09	3.302213e+00
2.891421e+09	3.301626e+00
2.891592e+09	3.302651e+00
2.891762e+09	3.302025e+00
2.891932e+09	3.301898e+00
2.892102e+09	3.302217e+00
2.892272e+09	3.301763e+00
2.892442e+09	3.302191e+00
2.892613e+09	3.301127e+00
2.892783e+09	3.302509e+00
2.892953e+09	3.302307e+00
2.893123e+09	3.302349e+00
2.893293e+09	3.302608e+00
2.893463e+09	3.302663e+00
2.893634e+09	3.302500e+00
2.893804e+09	3.301926e+00
2.893974e+09	3.302791e+00
2.894144e+09	3.301624e+00
2.894314e+09	3.301789e+00
2.894484e+09	3.301598e+00
2.894655e+09	3.301504e+00
2.894825e+09	3.299984e+00
2.894995e+09	3.300397e+00
2.895165e+09	3.298660e+00
2.895335e+09	3.297623e+00
2.895506e+09	3.296296e+00
2.895676e+09	3.295614e+00
2.895846e+09	3.295115e+00
2.896016e+09	3.293245e+00
2.896186e+09	3.292140e+00
2.896356e+09	3.289637e+00
2.896527e+09	3.287178e+00
2.896697e+09	3.284835e+00
2.896867e+09	3.282271e+00
2.897037e+09	3.279966e+00
2.897207e+09	3.277861e+00
2.897377e+09	3.277170e+00
2.897548e+09	3.277485e+00
2.897718e+09	3.278792e+00
2.897888e+09	3.280233e+00
2.898058e+09	3.281855e+00
2.898228e+09	3.281890e+00
2.898398e+09	3.282859e+00
2.898569e+09	3.281812e+00
2.898739e+09	3.279762e+00
2.898909e+09	3.278346e+00
2.899079e+09	3.276529e+00
2.899249e+09	3.274603e+00
2.899419e+09	3.273233e+00
2.899590e+09	3.274753e+00
2.899760e+09	3.276347e+00
2.899930e+09	3.278679e+00
2.900100e+09	3.280943e+00
2.900270e+09	3.281221e+00
2.900440e+09	3.282388e+00
2.900611e+09	3.282692e+00
2.900781e+09	3.281820e+00
2.900951e+09	3.280753e+00
2.901121e+09	3.279022e+00
2.901291e+09	3.278028e+00
2.901461e+09	3.277655e+00
2.901632e+09	3.277578e+00
2.901802e+09	3.278890e+00
2.901972e+09	3.280091e+00
2.902142e+09	3.282130e+00
2.902312e+09	3.285996e+00
2.902482e+09	3.287970e+00
2.902653e+09	3.289730e+00
2.902823e+09	3.291768e+00
2.902993e+09	3.293851e+00
2.903163e+09	3.293623e+00
2.903333e+09	3.294940e+00
2.903504e+09	3.295059e+00
2.903674e+09	3.296585e+00
2.903844e+09	3.296659e+00
2.904014e+09	3.296469e+00
2.904184e+09	3.295858e+00
2.904354e+09	3.294839e+00
2.904525e+09	3.296476e+00
2.904695e+09	3.296813e+00
2.904865e+09	3.297945e+00
2.905035e+09	3.298031e+00
2.905205e+09	3.299670e+00
2.905375e+09	3.299137e+00
2.905546e+09	3.298672e+00
2.905716e+09	3.298864e+00
2.905886e+09	3.298266e+00
2.906056e+09	3.297465e+00
2.906226e+09	3.295171e+00
2.906396e+09	3.296405e+00
2.906567e+09	3.296125e+00
2.906737e+09	3.295384e+00
2.906907e+09	3.295321e+00
2.907077e+09	3.292539e+00
2.907247e+09	3.290875e+00
2.907417e+09	3.289456e+00
2.907588e+09	3.286093e+00
2.907758e+09	3.284138e+00
2.907928e+09	3.281793e+00
2.908098e+09	3.280419e+00
2.908268e+09	3.280015e+00
2.908438e+09	3.279530e+00
2.908609e+09	3.282197e+00
2.908779e+09	3.283095e+00
2.908949e+09	3.283752e+00
2.909119e+09	3.285907e+00
2.909289e+09	3.284596e+00
2.909459e+09	3.283202e+00
2.909630e+09	3.283124e+00
2.909800e+09	3.282133e+00
2.909970e+09	3.280155e+00
2.910140e+09	3.278107e+00
2.910310e+09	3.277984e+00
2.910480e+09	3.278294e+00
2.910651e+09	3.279673e+00
2.910821e+09	3.282107e+00
2.910991e+09	3.283610e+00
2.911161e+09	3.284138e+00
2.911331e+09	3.284896e+00
2.911502e+09	3.285309e+00
2.911672e+09	3.285113e+00
2.911842e+09	3.283899e+00
2.912012e+09	3.282975e+00
2.912182e+09	3.281600e+00
2.912352e+09	3.280812e+00
2.912523e+09	3.280897e+00
2.912693e+09	3.281849e+00
2.912863e+09	3.283500e+00
2.913033e+09	3.285928e+00
2.913203e+09	3.287849e+00
2.913373e+09	3.290594e+00
2.913544e+09	3.292694e+00
2.913714e+09	3.294898e+00
2.913884e+09	3.296576e+00
2.914054e+09	3.297793e+00
2.914224e+09	3.298824e+00
2.914394e+09	3.298835e+00
2.914565e+09	3.299375e+00
2.914735e+09	3.300504e+00
2.914905e+09	3.300015e+00
2.915075e+09	3.300721e+00
2.915245e+09	3.299422e+00
2.915415e+09	3.300271e+00
2.915586e+09	3.301627e+00
2.915756e+09	3.301874e+00
2.915926e+09	3.303746e+00
2.916096e+09	3.304181e+00
2.916266e+09	3.303687e+00
2.916436e+09	3.304074e+00
2.916607e+09	3.304539e+00
2.916777e+09	3.304031e+00
2.916947e+09	3.303588e+00
2.917117e+09	3.304158e+00
2.917287e+09	3.304465e+00
2.917457e+09	3.304746e+00
2.917628e+09	3.305499e+00
2.917798e+09	3.305012e+00
2.917968e+09	3.305065e+00
2.918138e+09	3.305665e+00
2.918308e+09	3.304883e+00
2.918478e+09	3.304539e+00
2.918649e+09	3.304990e+00
2.918819e+09	3.305442e+00
2.918989e+09	3.304012e+00
2.919159e+09	3.304105e+00
2.919329e+09	3.304712e+00
2.919499e+09	3.304621e+00
2.919670e+09	3.304539e+00
2.919840e+09	3.304462e+00
2.920010e+09	3.304627e+00
2.920180e+09	3.304338e+00
2.920350e+09	3.305158e+00
2.920521e+09	3.303933e+00
2.920691e+09	3.304568e+00
2.920861e+09	3.303788e+00
2.921031e+09	3.304289e+00
2.921201e+09	3.304834e+00
2.921371e+09	3.304141e+00
2.921542e+09	3.304059e+00
2.921712e+09	3.303549e+00
2.921882e+09	3.303405e+00
2.922052e+09	3.302025e+00
2.922222e+09	3.301544e+00
2.922392e+09	3.300618e+00
2.922563e+09	3.299801e+00
2.922733e+09	3.299620e+00
2.922903e+09	3.299011e+00
2.923073e+09	3.298035e+00
2.923243e+09	3.297220e+00
2.923413e+09	3.295827e+00
2.923584e+09	3.293853e+00
2.923754e+09	3.291770e+00
2.923924e+09	3.290531e+00
2.924094e+09	3.288027e+00
2.924264e+09	3.285871e+00
2.924434e+09	3.285374e+00
2.924605e+09	3.283659e+00
2.924775e+09	3.283406e+00
2.924945e+09	3.286000e+00
2.925115e+09	3.286639e+00
2.925285e+09	3.287757e+00
2.925455e+09	3.287745e+00
2.925626e+09	3.288147e+00
2.925796e+09	3.286870e+00
2.925966e+09	3.284861e+00
2.926136e+09	3.285302e+00
2.926306e+09	3.282877e+00
2.926476e+09	3.282276e+00
2.926647e+09	3.281074e+00
2.926817e+09	3.281586e+00
2.926987e+09	3.282922e+00
2.927157e+09	3.285329e+00
2.927327e+09	3.286733e+00
2.927497e+09	3.287780e+00
2.927668e+09	3.288919e+00
2.927838e+09	3.290094e+00
2.928008e+09	3.289791e+00
2.928178e+09	3.287856e+00
2.928348e+09	3.287470e+00
2.928519e+09	3.286299e+00
2.928689e+09	3.284999e+00
2.928859e+09	3.284640e+00
2.929029e+09	3.285924e+00
2.929199e+09	3.287913e+00
2.929369e+09	3.290621e+00
2.929540e+09	3.292919e+00
2.929710e+09	3.294762e+00
2.929880e+09	3.297068e+00
2.930050e+09	3.298676e+00
2.930220e+09	3.300071e+00
2.930390e+09	3.301020e+00
2.930561e+09	3.301738e+00
2.930731e+09	3.303026e+00
2.930901e+09	3.303528e+00
2.931071e+09	3.303723e+00
2.931241e+09	3.304591e+00
2.931411e+09	3.303580e+00
2.931582e+09	3.303755e+00
2.931752e+09	3.304751e+00
2.931922e+09	3.305089e+00
2.932092e+09	3.305103e+00
2.932262e+09	3.305863e+00
2.932432e+09	3.307316e+00
2.932603e+09	3.306963e+00
2.932773e+09	3.307083e+00
2.932943e+09	3.308526e+00
2.933113e+09	3.307941e+00
2.933283e+09	3.308304e+00
2.933453e+09	3.307439e+00
2.933624e+09	3.307459e+00
2.933794e+09	3.307701e+00
2.933964e+09	3.308895e+00
2.934134e+09	3.308035e+00
2.934304e+09	3.308205e+00
2.934474e+09	3.308846e+00
2.934645e+09	3.309441e+00
2.934815e+09	3.309451e+00
2.934985e+09	3.309464e+00
2.935155e+09	3.309385e+00
2.935325e+09	3.309644e+00
2.935495e+09	3.309556e+00
2.935666e+09	3.309447e+00
2.935836e+09	3.308727e+00
2.936006e+09	3.310115e+00
2.936176e+09	3.309987e+00
2.936346e+09	3.310204e+00
2.936517e+09	3.309638e+00
2.936687e+09	3.309957e+00
2.936857e+09	3.310045e+00
2.937027e+09	3.310066e+00
2.937197e+09	3.309804e+00
2.937367e+09	3.310521e+00
2.937538e+09	3.311683e+00
2.937708e+09	3.311227e+00
2.937878e+09	3.310669e+00
2.938048e+09	3.310876e+00
2.938218e+09	3.311047e+00
2.938388e+09	3.310796e+00
2.938559e+09	3.310991e+00
2.938729e+09	3.310026e+00
2.938899e+09	3.310354e+00
2.939069e+09	3.310512e+00
2.939239e+09	3.310566e+00
2.939409e+09	3.310327e+00
2.939580e+09	3.310745e+00
2.939750e+09	3.310949e+00
2.939920e+09	3.310849e+00
2.940090e+09	3.311596e+00
2.940260e+09	3.311201e+00
2.940430e+09	3.310899e+00
2.940601e+09	3.310915e+00
2.940771e+09	3.311227e+00
2.940941e+09	3.311233e+00
2.941111e+09	3.310421e+00
2.941281e+09	3.311450e+00
2.941451e+09	3.311359e+00
2.941622e+09	3.310837e+00
2.941792e+09	3.311043e+00
2.941962e+09	3.312006e+00
2.942132e+09	3.311583e+00
2.942302e+09	3.311990e+00
2.942472e+09	3.311903e+00
2.942643e+09	3.310920e+00
2.942813e+09	3.311520e+00
2.942983e+09	3.311311e+00
2.943153e+09	3.310969e+00
2.943323e+09	3.310774e+00
2.943493e+09	3.310879e+00
2.943664e+09	3.311351e+00
2.943834e+09	3.311267e+00
2.944004e+09	3.311425e+00
2.944174e+09	3.311279e+00
2.944344e+09	3.311126e+00
2.944515e+09	3.311821e+00
2.944685e+09	3.310951e+00
2.944855e+09	3.311733e+00
2.945025e+09	3.311353e+00
2.945195e+09	3.311025e+00
2.945365e+09	3.311189e+00
2.945536e+09	3.310788e+00
2.945706e+09	3.311354e+00
2.945876e+09	3.311424e+00
2.946046e+09	3.311443e+00
2.946216e+09	3.311141e+00
2.946386e+09	3.310827e+00
2.946557e+09	3.311593e+00
2.946727e+09	3.311585e+00
2.946897e+09	3.310308e+00
2.947067e+09	3.310660e+00
2.947237e+09	3.311215e+00
2.947407e+09	3.311308e+00
2.947578e+09	3.311174e+00
2.947748e+09	3.311098e+00
2.947918e+09	3.310870e+00
2.948088e+09	3.310695e+00
2.948258e+09	3.310793e+00
2.948428e+09	3.310116e+00
2.948599e+09	3.310784e+00
2.948769e+09	3.311460e+00
2.948939e+09	3.311683e+00
2.949109e+09	3.312087e+00
2.949279e+09	3.311901e+00
2.949449e+09	3.312082e+00
2.949620e+09	3.311058e+00
2.949790e+09	3.311185e+00
2.949960e+09	3.310936e+00
2.950130e+09	3.309624e+00
2.950300e+09	3.311113e+00
2.950470e+09	3.311278e+00
2.950641e+09	3.310750e+00
2.950811e+09	3.311005e+00
2.950981e+09	3.311344e+00
2.951151e+09	3.311328e+00
2.951321e+09	3.312357e+00
2.951491e+09	3.312127e+00
2.951662e+09	3.310969e+00
2.951832e+09	3.311211e+00
2.952002e+09	3.310914e+00
2.952172e+09	3.310490e+00
2.952342e+09	3.310175e+00
2.952513e+09	3.310497e+00
2.952683e+09	3.311367e+00
2.952853e+09	3.311816e+00
2.953023e+09	3.312187e+00
2.953193e+09	3.311579e+00
2.953363e+09	3.311327e+00
2.953534e+09	3.310849e+00
2.953704e+09	3.310539e+00
2.953874e+09	3.309997e+00
2.954044e+09	3.310843e+00
2.954214e+09	3.310041e+00
2.954384e+09	3.310846e+00
2.954555e+09	3.310676e+00
2.954725e+09	3.311260e+00
2.954895e+09	3.311112e+00
2.955065e+09	3.311919e+00
2.955235e+09	3.311300e+00
2.955405e+09	3.310829e+00
2.955576e+09	3.311551e+00
2.955746e+09	3.310561e+00
2.955916e+09	3.311050e+00
2.956086e+09	3.310924e+00
2.956256e+09	3.311552e+00
2.956426e+09	3.311840e+00
2.956597e+09	3.312578e+00
2.956767e+09	3.311290e+00
2.956937e+09	3.311060e+00
2.957107e+09	3.311489e+00
2.957277e+09	3.311142e+00
2.957447e+09	3.310387e+00
2.957618e+09	3.310325e+00
2.957788e+09	3.311524e+00
2.957958e+09	3.311616e+00
2.958128e+09	3.312486e+00
2.958298e+09	3.313188e+00
2.958468e+09	3.312587e+00
2.958639e+09	3.312067e+00
2.958809e+09	3.311908e+00
2.958979e+09	3.310749e+00
2.959149e+09	3.310234e+00
2.959319e+09	3.311176e+00
2.959489e+09	3.310957e+00
2.959660e+09	3.311315e+00
2.959830e+09	3.311030e+00
2.960000e+09	3.311400e+00
