#Saved Data from the class wainteach_gui on 29.10.2025 at 12h02m01s.
#
#Parameters:
#===========
#
#laser setpoint (mW): 2.6600000000000001e+01
#MW limits (Hz): [2790000000.0, 2960000000.0]
#Acquisition (sample): 1000
#Average (acquisition): 10
#MW power (dBm): 6.0000000000000000e+00
#Field enabling: True
#coils currents [x, y, z] (A): [-0.977483, -0.528905, -1.358606]
#coils fields [bx, by, bz] (T): [-0.00092, -0.000501, -0.00201]
#coils fields [norm, theta, phi] (T, °, °): [0.002291, 152.8, 208.6]
#
#Data:
#=====
#frequency	voltage	
2.790000e+09	3.244301e+00
2.790170e+09	3.244203e+00
2.790340e+09	3.244399e+00
2.790511e+09	3.244596e+00
2.790681e+09	3.244994e+00
2.790851e+09	3.243971e+00
2.791021e+09	3.244194e+00
2.791191e+09	3.243990e+00
2.791361e+09	3.244404e+00
2.791532e+09	3.244016e+00
2.791702e+09	3.244322e+00
2.791872e+09	3.244293e+00
2.792042e+09	3.244316e+00
2.792212e+09	3.244350e+00
2.792382e+09	3.244176e+00
2.792553e+09	3.244703e+00
2.792723e+09	3.244307e+00
2.792893e+09	3.244591e+00
2.793063e+09	3.244276e+00
2.793233e+09	3.244055e+00
2.793403e+09	3.244003e+00
2.793574e+09	3.244664e+00
2.793744e+09	3.244479e+00
2.793914e+09	3.244357e+00
2.794084e+09	3.244689e+00
2.794254e+09	3.245084e+00
2.794424e+09	3.244720e+00
2.794595e+09	3.244226e+00
2.794765e+09	3.244344e+00
2.794935e+09	3.244168e+00
2.795105e+09	3.244463e+00
2.795275e+09	3.244217e+00
2.795445e+09	3.244334e+00
2.795616e+09	3.244162e+00
2.795786e+09	3.244245e+00
2.795956e+09	3.244306e+00
2.796126e+09	3.244372e+00
2.796296e+09	3.244288e+00
2.796466e+09	3.244552e+00
2.796637e+09	3.244478e+00
2.796807e+09	3.244022e+00
2.796977e+09	3.244109e+00
2.797147e+09	3.244513e+00
2.797317e+09	3.244683e+00
2.797487e+09	3.244318e+00
2.797658e+09	3.244170e+00
2.797828e+09	3.243889e+00
2.797998e+09	3.244232e+00
2.798168e+09	3.244048e+00
2.798338e+09	3.243478e+00
2.798509e+09	3.243727e+00
2.798679e+09	3.244068e+00
2.798849e+09	3.244192e+00
2.799019e+09	3.244102e+00
2.799189e+09	3.243439e+00
2.799359e+09	3.243846e+00
2.799530e+09	3.244266e+00
2.799700e+09	3.243789e+00
2.799870e+09	3.243761e+00
2.800040e+09	3.243179e+00
2.800210e+09	3.243634e+00
2.800380e+09	3.243477e+00
2.800551e+09	3.243288e+00
2.800721e+09	3.243251e+00
2.800891e+09	3.243604e+00
2.801061e+09	3.243812e+00
2.801231e+09	3.243755e+00
2.801401e+09	3.243555e+00
2.801572e+09	3.243395e+00
2.801742e+09	3.243886e+00
2.801912e+09	3.243839e+00
2.802082e+09	3.243829e+00
2.802252e+09	3.243074e+00
2.802422e+09	3.243240e+00
2.802593e+09	3.243231e+00
2.802763e+09	3.242961e+00
2.802933e+09	3.243080e+00
2.803103e+09	3.243533e+00
2.803273e+09	3.243570e+00
2.803443e+09	3.243627e+00
2.803614e+09	3.243436e+00
2.803784e+09	3.242909e+00
2.803954e+09	3.242666e+00
2.804124e+09	3.242723e+00
2.804294e+09	3.242482e+00
2.804464e+09	3.242010e+00
2.804635e+09	3.242014e+00
2.804805e+09	3.242183e+00
2.804975e+09	3.242157e+00
2.805145e+09	3.241951e+00
2.805315e+09	3.242852e+00
2.805485e+09	3.242531e+00
2.805656e+09	3.242549e+00
2.805826e+09	3.242271e+00
2.805996e+09	3.242039e+00
2.806166e+09	3.242033e+00
2.806336e+09	3.241988e+00
2.806507e+09	3.241009e+00
2.806677e+09	3.241164e+00
2.806847e+09	3.241142e+00
2.807017e+09	3.241548e+00
2.807187e+09	3.241103e+00
2.807357e+09	3.240739e+00
2.807528e+09	3.241056e+00
2.807698e+09	3.241500e+00
2.807868e+09	3.241077e+00
2.808038e+09	3.240457e+00
2.808208e+09	3.240312e+00
2.808378e+09	3.240739e+00
2.808549e+09	3.240557e+00
2.808719e+09	3.240459e+00
2.808889e+09	3.239678e+00
2.809059e+09	3.239287e+00
2.809229e+09	3.239094e+00
2.809399e+09	3.238659e+00
2.809570e+09	3.237848e+00
2.809740e+09	3.237198e+00
2.809910e+09	3.237262e+00
2.810080e+09	3.237041e+00
2.810250e+09	3.235921e+00
2.810420e+09	3.234127e+00
2.810591e+09	3.233022e+00
2.810761e+09	3.231270e+00
2.810931e+09	3.228670e+00
2.811101e+09	3.226307e+00
2.811271e+09	3.223752e+00
2.811441e+09	3.221955e+00
2.811612e+09	3.222202e+00
2.811782e+09	3.222703e+00
2.811952e+09	3.224398e+00
2.812122e+09	3.227046e+00
2.812292e+09	3.228453e+00
2.812462e+09	3.229261e+00
2.812633e+09	3.229037e+00
2.812803e+09	3.228393e+00
2.812973e+09	3.226554e+00
2.813143e+09	3.225088e+00
2.813313e+09	3.222457e+00
2.813483e+09	3.220194e+00
2.813654e+09	3.219563e+00
2.813824e+09	3.220535e+00
2.813994e+09	3.221535e+00
2.814164e+09	3.223681e+00
2.814334e+09	3.226300e+00
2.814505e+09	3.228102e+00
2.814675e+09	3.228838e+00
2.814845e+09	3.228457e+00
2.815015e+09	3.228157e+00
2.815185e+09	3.227031e+00
2.815355e+09	3.225343e+00
2.815526e+09	3.223055e+00
2.815696e+09	3.221142e+00
2.815866e+09	3.220855e+00
2.816036e+09	3.222895e+00
2.816206e+09	3.225029e+00
2.816376e+09	3.227185e+00
2.816547e+09	3.230437e+00
2.816717e+09	3.232598e+00
2.816887e+09	3.234148e+00
2.817057e+09	3.235175e+00
2.817227e+09	3.236226e+00
2.817397e+09	3.237245e+00
2.817568e+09	3.237525e+00
2.817738e+09	3.238183e+00
2.817908e+09	3.238114e+00
2.818078e+09	3.238336e+00
2.818248e+09	3.238523e+00
2.818418e+09	3.238452e+00
2.818589e+09	3.238346e+00
2.818759e+09	3.239153e+00
2.818929e+09	3.239894e+00
2.819099e+09	3.240169e+00
2.819269e+09	3.240356e+00
2.819439e+09	3.240391e+00
2.819610e+09	3.240955e+00
2.819780e+09	3.241392e+00
2.819950e+09	3.241327e+00
2.820120e+09	3.241191e+00
2.820290e+09	3.241187e+00
2.820460e+09	3.241045e+00
2.820631e+09	3.240919e+00
2.820801e+09	3.240202e+00
2.820971e+09	3.240745e+00
2.821141e+09	3.241523e+00
2.821311e+09	3.241895e+00
2.821481e+09	3.241805e+00
2.821652e+09	3.241736e+00
2.821822e+09	3.242060e+00
2.821992e+09	3.242025e+00
2.822162e+09	3.241836e+00
2.822332e+09	3.241224e+00
2.822503e+09	3.240667e+00
2.822673e+09	3.240322e+00
2.822843e+09	3.240302e+00
2.823013e+09	3.239803e+00
2.823183e+09	3.240300e+00
2.823353e+09	3.241117e+00
2.823524e+09	3.241539e+00
2.823694e+09	3.241246e+00
2.823864e+09	3.241155e+00
2.824034e+09	3.241202e+00
2.824204e+09	3.240775e+00
2.824374e+09	3.240898e+00
2.824545e+09	3.240253e+00
2.824715e+09	3.239774e+00
2.824885e+09	3.239995e+00
2.825055e+09	3.240244e+00
2.825225e+09	3.239910e+00
2.825395e+09	3.239895e+00
2.825566e+09	3.240045e+00
2.825736e+09	3.240350e+00
2.825906e+09	3.239962e+00
2.826076e+09	3.240074e+00
2.826246e+09	3.239594e+00
2.826416e+09	3.239886e+00
2.826587e+09	3.239708e+00
2.826757e+09	3.239086e+00
2.826927e+09	3.238734e+00
2.827097e+09	3.238469e+00
2.827267e+09	3.237906e+00
2.827437e+09	3.237729e+00
2.827608e+09	3.236481e+00
2.827778e+09	3.236291e+00
2.827948e+09	3.236086e+00
2.828118e+09	3.235307e+00
2.828288e+09	3.234691e+00
2.828458e+09	3.233056e+00
2.828629e+09	3.231813e+00
2.828799e+09	3.230094e+00
2.828969e+09	3.227466e+00
2.829139e+09	3.224587e+00
2.829309e+09	3.222203e+00
2.829479e+09	3.219635e+00
2.829650e+09	3.218232e+00
2.829820e+09	3.217638e+00
2.829990e+09	3.219673e+00
2.830160e+09	3.222263e+00
2.830330e+09	3.224404e+00
2.830501e+09	3.225603e+00
2.830671e+09	3.226151e+00
2.830841e+09	3.226374e+00
2.831011e+09	3.225223e+00
2.831181e+09	3.223292e+00
2.831351e+09	3.220759e+00
2.831522e+09	3.218594e+00
2.831692e+09	3.216610e+00
2.831862e+09	3.216300e+00
2.832032e+09	3.216774e+00
2.832202e+09	3.219705e+00
2.832372e+09	3.222599e+00
2.832543e+09	3.224866e+00
2.832713e+09	3.225786e+00
2.832883e+09	3.225916e+00
2.833053e+09	3.226165e+00
2.833223e+09	3.224370e+00
2.833393e+09	3.222954e+00
2.833564e+09	3.220153e+00
2.833734e+09	3.218033e+00
2.833904e+09	3.217537e+00
2.834074e+09	3.218004e+00
2.834244e+09	3.219916e+00
2.834414e+09	3.222551e+00
2.834585e+09	3.225490e+00
2.834755e+09	3.228188e+00
2.834925e+09	3.229438e+00
2.835095e+09	3.230326e+00
2.835265e+09	3.231472e+00
2.835435e+09	3.232751e+00
2.835606e+09	3.233471e+00
2.835776e+09	3.234282e+00
2.835946e+09	3.234701e+00
2.836116e+09	3.234596e+00
2.836286e+09	3.234746e+00
2.836456e+09	3.234193e+00
2.836627e+09	3.233621e+00
2.836797e+09	3.234379e+00
2.836967e+09	3.234372e+00
2.837137e+09	3.235025e+00
2.837307e+09	3.235272e+00
2.837477e+09	3.235676e+00
2.837648e+09	3.235888e+00
2.837818e+09	3.235580e+00
2.837988e+09	3.235736e+00
2.838158e+09	3.234809e+00
2.838328e+09	3.234324e+00
2.838498e+09	3.233568e+00
2.838669e+09	3.233228e+00
2.838839e+09	3.231724e+00
2.839009e+09	3.231270e+00
2.839179e+09	3.229735e+00
2.839349e+09	3.228474e+00
2.839520e+09	3.226094e+00
2.839690e+09	3.223479e+00
2.839860e+09	3.221087e+00
2.840030e+09	3.218268e+00
2.840200e+09	3.216710e+00
2.840370e+09	3.216346e+00
2.840541e+09	3.218660e+00
2.840711e+09	3.220830e+00
2.840881e+09	3.223074e+00
2.841051e+09	3.223689e+00
2.841221e+09	3.225688e+00
2.841391e+09	3.225651e+00
2.841562e+09	3.225352e+00
2.841732e+09	3.223101e+00
2.841902e+09	3.220840e+00
2.842072e+09	3.218554e+00
2.842242e+09	3.216648e+00
2.842412e+09	3.215999e+00
2.842583e+09	3.216622e+00
2.842753e+09	3.220011e+00
2.842923e+09	3.222101e+00
2.843093e+09	3.224798e+00
2.843263e+09	3.225503e+00
2.843433e+09	3.226621e+00
2.843604e+09	3.226700e+00
2.843774e+09	3.225826e+00
2.843944e+09	3.223947e+00
2.844114e+09	3.221026e+00
2.844284e+09	3.219326e+00
2.844454e+09	3.217789e+00
2.844625e+09	3.218386e+00
2.844795e+09	3.219958e+00
2.844965e+09	3.223853e+00
2.845135e+09	3.226684e+00
2.845305e+09	3.229727e+00
2.845475e+09	3.230973e+00
2.845646e+09	3.233200e+00
2.845816e+09	3.234662e+00
2.845986e+09	3.236121e+00
2.846156e+09	3.236091e+00
2.846326e+09	3.236347e+00
2.846496e+09	3.236949e+00
2.846667e+09	3.236909e+00
2.846837e+09	3.236784e+00
2.847007e+09	3.236438e+00
2.847177e+09	3.236836e+00
2.847347e+09	3.236795e+00
2.847518e+09	3.237784e+00
2.847688e+09	3.237607e+00
2.847858e+09	3.238709e+00
2.848028e+09	3.239367e+00
2.848198e+09	3.239972e+00
2.848368e+09	3.240043e+00
2.848539e+09	3.240181e+00
2.848709e+09	3.240467e+00
2.848879e+09	3.240407e+00
2.849049e+09	3.240484e+00
2.849219e+09	3.240030e+00
2.849389e+09	3.240928e+00
2.849560e+09	3.240650e+00
2.849730e+09	3.240921e+00
2.849900e+09	3.240651e+00
2.850070e+09	3.240339e+00
2.850240e+09	3.240790e+00
2.850410e+09	3.241038e+00
2.850581e+09	3.240705e+00
2.850751e+09	3.240712e+00
2.850921e+09	3.240798e+00
2.851091e+09	3.240434e+00
2.851261e+09	3.240193e+00
2.851431e+09	3.240441e+00
2.851602e+09	3.240089e+00
2.851772e+09	3.240460e+00
2.851942e+09	3.240546e+00
2.852112e+09	3.240343e+00
2.852282e+09	3.240263e+00
2.852452e+09	3.240725e+00
2.852623e+09	3.240596e+00
2.852793e+09	3.240482e+00
2.852963e+09	3.239558e+00
2.853133e+09	3.239619e+00
2.853303e+09	3.240226e+00
2.853473e+09	3.240109e+00
2.853644e+09	3.239873e+00
2.853814e+09	3.239854e+00
2.853984e+09	3.240063e+00
2.854154e+09	3.239924e+00
2.854324e+09	3.239599e+00
2.854494e+09	3.239600e+00
2.854665e+09	3.239411e+00
2.854835e+09	3.239017e+00
2.855005e+09	3.239156e+00
2.855175e+09	3.238153e+00
2.855345e+09	3.237784e+00
2.855516e+09	3.237541e+00
2.855686e+09	3.236779e+00
2.855856e+09	3.236276e+00
2.856026e+09	3.235843e+00
2.856196e+09	3.235768e+00
2.856366e+09	3.234321e+00
2.856537e+09	3.233185e+00
2.856707e+09	3.231368e+00
2.856877e+09	3.229968e+00
2.857047e+09	3.227772e+00
2.857217e+09	3.225412e+00
2.857387e+09	3.222418e+00
2.857558e+09	3.219668e+00
2.857728e+09	3.218265e+00
2.857898e+09	3.218036e+00
2.858068e+09	3.218768e+00
2.858238e+09	3.221182e+00
2.858408e+09	3.223552e+00
2.858579e+09	3.225222e+00
2.858749e+09	3.225718e+00
2.858919e+09	3.225082e+00
2.859089e+09	3.224726e+00
2.859259e+09	3.224050e+00
2.859429e+09	3.222494e+00
2.859600e+09	3.219606e+00
2.859770e+09	3.217416e+00
2.859940e+09	3.216162e+00
2.860110e+09	3.216963e+00
2.860280e+09	3.218609e+00
2.860450e+09	3.220723e+00
2.860621e+09	3.223712e+00
2.860791e+09	3.225742e+00
2.860961e+09	3.226234e+00
2.861131e+09	3.226529e+00
2.861301e+09	3.225923e+00
2.861471e+09	3.224576e+00
2.861642e+09	3.223413e+00
2.861812e+09	3.220903e+00
2.861982e+09	3.218816e+00
2.862152e+09	3.218288e+00
2.862322e+09	3.219796e+00
2.862492e+09	3.222297e+00
2.862663e+09	3.225029e+00
2.862833e+09	3.228553e+00
2.863003e+09	3.231354e+00
2.863173e+09	3.233552e+00
2.863343e+09	3.234516e+00
2.863514e+09	3.235624e+00
2.863684e+09	3.236946e+00
2.863854e+09	3.237207e+00
2.864024e+09	3.237301e+00
2.864194e+09	3.236986e+00
2.864364e+09	3.237157e+00
2.864535e+09	3.237156e+00
2.864705e+09	3.236607e+00
2.864875e+09	3.235932e+00
2.865045e+09	3.237473e+00
2.865215e+09	3.238972e+00
2.865385e+09	3.239473e+00
2.865556e+09	3.239966e+00
2.865726e+09	3.240029e+00
2.865896e+09	3.240675e+00
2.866066e+09	3.240335e+00
2.866236e+09	3.240125e+00
2.866406e+09	3.240499e+00
2.866577e+09	3.240977e+00
2.866747e+09	3.241466e+00
2.866917e+09	3.241833e+00
2.867087e+09	3.241589e+00
2.867257e+09	3.242001e+00
2.867427e+09	3.242191e+00
2.867598e+09	3.242660e+00
2.867768e+09	3.242507e+00
2.867938e+09	3.241886e+00
2.868108e+09	3.242205e+00
2.868278e+09	3.242147e+00
2.868448e+09	3.242512e+00
2.868619e+09	3.242629e+00
2.868789e+09	3.242824e+00
2.868959e+09	3.242660e+00
2.869129e+09	3.242632e+00
2.869299e+09	3.243225e+00
2.869469e+09	3.242903e+00
2.869640e+09	3.243280e+00
2.869810e+09	3.243471e+00
2.869980e+09	3.243173e+00
2.870150e+09	3.242834e+00
2.870320e+09	3.243328e+00
2.870490e+09	3.243455e+00
2.870661e+09	3.243561e+00
2.870831e+09	3.243355e+00
2.871001e+09	3.243634e+00
2.871171e+09	3.243045e+00
2.871341e+09	3.243367e+00
2.871512e+09	3.242814e+00
2.871682e+09	3.242699e+00
2.871852e+09	3.243509e+00
2.872022e+09	3.243642e+00
2.872192e+09	3.243447e+00
2.872362e+09	3.243684e+00
2.872533e+09	3.243767e+00
2.872703e+09	3.244243e+00
2.872873e+09	3.243677e+00
2.873043e+09	3.243783e+00
2.873213e+09	3.243868e+00
2.873383e+09	3.243585e+00
2.873554e+09	3.243707e+00
2.873724e+09	3.243468e+00
2.873894e+09	3.243319e+00
2.874064e+09	3.243741e+00
2.874234e+09	3.243819e+00
2.874404e+09	3.243581e+00
2.874575e+09	3.243780e+00
2.874745e+09	3.243534e+00
2.874915e+09	3.243428e+00
2.875085e+09	3.243079e+00
2.875255e+09	3.243354e+00
2.875425e+09	3.242902e+00
2.875596e+09	3.243073e+00
2.875766e+09	3.243030e+00
2.875936e+09	3.242516e+00
2.876106e+09	3.242383e+00
2.876276e+09	3.242380e+00
2.876446e+09	3.242721e+00
2.876617e+09	3.242701e+00
2.876787e+09	3.242348e+00
2.876957e+09	3.242032e+00
2.877127e+09	3.241966e+00
2.877297e+09	3.241837e+00
2.877467e+09	3.241266e+00
2.877638e+09	3.241053e+00
2.877808e+09	3.240937e+00
2.877978e+09	3.241369e+00
2.878148e+09	3.241007e+00
2.878318e+09	3.241465e+00
2.878488e+09	3.240952e+00
2.878659e+09	3.241573e+00
2.878829e+09	3.241169e+00
2.878999e+09	3.240996e+00
2.879169e+09	3.240973e+00
2.879339e+09	3.240729e+00
2.879510e+09	3.240424e+00
2.879680e+09	3.240479e+00
2.879850e+09	3.240115e+00
2.880020e+09	3.240136e+00
2.880190e+09	3.239711e+00
2.880360e+09	3.239252e+00
2.880531e+09	3.238686e+00
2.880701e+09	3.238182e+00
2.880871e+09	3.238581e+00
2.881041e+09	3.238007e+00
2.881211e+09	3.237210e+00
2.881381e+09	3.236084e+00
2.881552e+09	3.235210e+00
2.881722e+09	3.233530e+00
2.881892e+09	3.231364e+00
2.882062e+09	3.229050e+00
2.882232e+09	3.225755e+00
2.882402e+09	3.222923e+00
2.882573e+09	3.220510e+00
2.882743e+09	3.220001e+00
2.882913e+09	3.221127e+00
2.883083e+09	3.223793e+00
2.883253e+09	3.226795e+00
2.883423e+09	3.228322e+00
2.883594e+09	3.228864e+00
2.883764e+09	3.229363e+00
2.883934e+09	3.228473e+00
2.884104e+09	3.226816e+00
2.884274e+09	3.224971e+00
2.884444e+09	3.221865e+00
2.884615e+09	3.219308e+00
2.884785e+09	3.218080e+00
2.884955e+09	3.218632e+00
2.885125e+09	3.220840e+00
2.885295e+09	3.224126e+00
2.885465e+09	3.226869e+00
2.885636e+09	3.228302e+00
2.885806e+09	3.228789e+00
2.885976e+09	3.228837e+00
2.886146e+09	3.227848e+00
2.886316e+09	3.225948e+00
2.886486e+09	3.224117e+00
2.886657e+09	3.221361e+00
2.886827e+09	3.219663e+00
2.886997e+09	3.219615e+00
2.887167e+09	3.221460e+00
2.887337e+09	3.223863e+00
2.887508e+09	3.227549e+00
2.887678e+09	3.230327e+00
2.887848e+09	3.231763e+00
2.888018e+09	3.233148e+00
2.888188e+09	3.234400e+00
2.888358e+09	3.235716e+00
2.888529e+09	3.236521e+00
2.888699e+09	3.237197e+00
2.888869e+09	3.237574e+00
2.889039e+09	3.237571e+00
2.889209e+09	3.238146e+00
2.889379e+09	3.237534e+00
2.889550e+09	3.236900e+00
2.889720e+09	3.236403e+00
2.889890e+09	3.237685e+00
2.890060e+09	3.238517e+00
2.890230e+09	3.238712e+00
2.890400e+09	3.239723e+00
2.890571e+09	3.240723e+00
2.890741e+09	3.241115e+00
2.890911e+09	3.241163e+00
2.891081e+09	3.241006e+00
2.891251e+09	3.241350e+00
2.891421e+09	3.240867e+00
2.891592e+09	3.240358e+00
2.891762e+09	3.240598e+00
2.891932e+09	3.240843e+00
2.892102e+09	3.240868e+00
2.892272e+09	3.241289e+00
2.892442e+09	3.241350e+00
2.892613e+09	3.240947e+00
2.892783e+09	3.241072e+00
2.892953e+09	3.241502e+00
2.893123e+09	3.241254e+00
2.893293e+09	3.241086e+00
2.893463e+09	3.241419e+00
2.893634e+09	3.241427e+00
2.893804e+09	3.241056e+00
2.893974e+09	3.241214e+00
2.894144e+09	3.240753e+00
2.894314e+09	3.241077e+00
2.894484e+09	3.241117e+00
2.894655e+09	3.240953e+00
2.894825e+09	3.241264e+00
2.894995e+09	3.241020e+00
2.895165e+09	3.241241e+00
2.895335e+09	3.240858e+00
2.895506e+09	3.241194e+00
2.895676e+09	3.240872e+00
2.895846e+09	3.241393e+00
2.896016e+09	3.241195e+00
2.896186e+09	3.241370e+00
2.896356e+09	3.241248e+00
2.896527e+09	3.241124e+00
2.896697e+09	3.240822e+00
2.896867e+09	3.240760e+00
2.897037e+09	3.240317e+00
2.897207e+09	3.239541e+00
2.897377e+09	3.239690e+00
2.897548e+09	3.238983e+00
2.897718e+09	3.238604e+00
2.897888e+09	3.238603e+00
2.898058e+09	3.238706e+00
2.898228e+09	3.237433e+00
2.898398e+09	3.236899e+00
2.898569e+09	3.235571e+00
2.898739e+09	3.233510e+00
2.898909e+09	3.231167e+00
2.899079e+09	3.228436e+00
2.899249e+09	3.224649e+00
2.899419e+09	3.222604e+00
2.899590e+09	3.222331e+00
2.899760e+09	3.223854e+00
2.899930e+09	3.226988e+00
2.900100e+09	3.229691e+00
2.900270e+09	3.231291e+00
2.900440e+09	3.232650e+00
2.900611e+09	3.232825e+00
2.900781e+09	3.232056e+00
2.900951e+09	3.230704e+00
2.901121e+09	3.228591e+00
2.901291e+09	3.225912e+00
2.901461e+09	3.223119e+00
2.901632e+09	3.221665e+00
2.901802e+09	3.222262e+00
2.901972e+09	3.224612e+00
2.902142e+09	3.227253e+00
2.902312e+09	3.229800e+00
2.902482e+09	3.231392e+00
2.902653e+09	3.231921e+00
2.902823e+09	3.232089e+00
2.902993e+09	3.231961e+00
2.903163e+09	3.230287e+00
2.903333e+09	3.228412e+00
2.903504e+09	3.225787e+00
2.903674e+09	3.223166e+00
2.903844e+09	3.222434e+00
2.904014e+09	3.223627e+00
2.904184e+09	3.226333e+00
2.904354e+09	3.228917e+00
2.904525e+09	3.231523e+00
2.904695e+09	3.233369e+00
2.904865e+09	3.235315e+00
2.905035e+09	3.236022e+00
2.905205e+09	3.236969e+00
2.905375e+09	3.237479e+00
2.905546e+09	3.238280e+00
2.905716e+09	3.238077e+00
2.905886e+09	3.237811e+00
2.906056e+09	3.237795e+00
2.906226e+09	3.237253e+00
2.906396e+09	3.237336e+00
2.906567e+09	3.236937e+00
2.906737e+09	3.236922e+00
2.906907e+09	3.237451e+00
2.907077e+09	3.237728e+00
2.907247e+09	3.237806e+00
2.907417e+09	3.237882e+00
2.907588e+09	3.238080e+00
2.907758e+09	3.237890e+00
2.907928e+09	3.237128e+00
2.908098e+09	3.236404e+00
2.908268e+09	3.235319e+00
2.908438e+09	3.233639e+00
2.908609e+09	3.232444e+00
2.908779e+09	3.230053e+00
2.908949e+09	3.227347e+00
2.909119e+09	3.225148e+00
2.909289e+09	3.223159e+00
2.909459e+09	3.223379e+00
2.909630e+09	3.225421e+00
2.909800e+09	3.228150e+00
2.909970e+09	3.229876e+00
2.910140e+09	3.231363e+00
2.910310e+09	3.232143e+00
2.910480e+09	3.232063e+00
2.910651e+09	3.231470e+00
2.910821e+09	3.230373e+00
2.910991e+09	3.228097e+00
2.911161e+09	3.225795e+00
2.911331e+09	3.223436e+00
2.911502e+09	3.222605e+00
2.911672e+09	3.223492e+00
2.911842e+09	3.226115e+00
2.912012e+09	3.229026e+00
2.912182e+09	3.230751e+00
2.912352e+09	3.232500e+00
2.912523e+09	3.233136e+00
2.912693e+09	3.232821e+00
2.912863e+09	3.232001e+00
2.913033e+09	3.230797e+00
2.913203e+09	3.228178e+00
2.913373e+09	3.225494e+00
2.913544e+09	3.223393e+00
2.913714e+09	3.223419e+00
2.913884e+09	3.225088e+00
2.914054e+09	3.228310e+00
2.914224e+09	3.231415e+00
2.914394e+09	3.233574e+00
2.914565e+09	3.235944e+00
2.914735e+09	3.236528e+00
2.914905e+09	3.237355e+00
2.915075e+09	3.238075e+00
2.915245e+09	3.238737e+00
2.915415e+09	3.238919e+00
2.915586e+09	3.238857e+00
2.915756e+09	3.239496e+00
2.915926e+09	3.239370e+00
2.916096e+09	3.239543e+00
2.916266e+09	3.239565e+00
2.916436e+09	3.239552e+00
2.916607e+09	3.239588e+00
2.916777e+09	3.241090e+00
2.916947e+09	3.240876e+00
2.917117e+09	3.241201e+00
2.917287e+09	3.241438e+00
2.917457e+09	3.241236e+00
2.917628e+09	3.241366e+00
2.917798e+09	3.241556e+00
2.917968e+09	3.241553e+00
2.918138e+09	3.241690e+00
2.918308e+09	3.241803e+00
2.918478e+09	3.241648e+00
2.918649e+09	3.241747e+00
2.918819e+09	3.241556e+00
2.918989e+09	3.241673e+00
2.919159e+09	3.241409e+00
2.919329e+09	3.241763e+00
2.919499e+09	3.242085e+00
2.919670e+09	3.241915e+00
2.919840e+09	3.242457e+00
2.920010e+09	3.242208e+00
2.920180e+09	3.241883e+00
2.920350e+09	3.242123e+00
2.920521e+09	3.241862e+00
2.920691e+09	3.241550e+00
2.920861e+09	3.241000e+00
2.921031e+09	3.241812e+00
2.921201e+09	3.241098e+00
2.921371e+09	3.241671e+00
2.921542e+09	3.241938e+00
2.921712e+09	3.241695e+00
2.921882e+09	3.241934e+00
2.922052e+09	3.242292e+00
2.922222e+09	3.241805e+00
2.922392e+09	3.241483e+00
2.922563e+09	3.241738e+00
2.922733e+09	3.241290e+00
2.922903e+09	3.241388e+00
2.923073e+09	3.240695e+00
2.923243e+09	3.240911e+00
2.923413e+09	3.240162e+00
2.923584e+09	3.240403e+00
2.923754e+09	3.239825e+00
2.923924e+09	3.239736e+00
2.924094e+09	3.239537e+00
2.924264e+09	3.239182e+00
2.924434e+09	3.238196e+00
2.924605e+09	3.237460e+00
2.924775e+09	3.236383e+00
2.924945e+09	3.235105e+00
2.925115e+09	3.233045e+00
2.925285e+09	3.231137e+00
2.925455e+09	3.228156e+00
2.925626e+09	3.225607e+00
2.925796e+09	3.225884e+00
2.925966e+09	3.226600e+00
2.926136e+09	3.229157e+00
2.926306e+09	3.231294e+00
2.926476e+09	3.233041e+00
2.926647e+09	3.233567e+00
2.926817e+09	3.234035e+00
2.926987e+09	3.234455e+00
2.927157e+09	3.233542e+00
2.927327e+09	3.231542e+00
2.927497e+09	3.229090e+00
2.927668e+09	3.226658e+00
2.927838e+09	3.224569e+00
2.928008e+09	3.225335e+00
2.928178e+09	3.227312e+00
2.928348e+09	3.229853e+00
2.928519e+09	3.232518e+00
2.928689e+09	3.233913e+00
2.928859e+09	3.234645e+00
2.929029e+09	3.235249e+00
2.929199e+09	3.235102e+00
2.929369e+09	3.233893e+00
2.929540e+09	3.232493e+00
2.929710e+09	3.229896e+00
2.929880e+09	3.227761e+00
2.930050e+09	3.226792e+00
2.930220e+09	3.227721e+00
2.930390e+09	3.230196e+00
2.930561e+09	3.233144e+00
2.930731e+09	3.235524e+00
2.930901e+09	3.237717e+00
2.931071e+09	3.238655e+00
2.931241e+09	3.239507e+00
2.931411e+09	3.240187e+00
2.931582e+09	3.240551e+00
2.931752e+09	3.241229e+00
2.931922e+09	3.240880e+00
2.932092e+09	3.240770e+00
2.932262e+09	3.241560e+00
2.932432e+09	3.241090e+00
2.932603e+09	3.241010e+00
2.932773e+09	3.241387e+00
2.932943e+09	3.241553e+00
2.933113e+09	3.241984e+00
2.933283e+09	3.242409e+00
2.933453e+09	3.242428e+00
2.933624e+09	3.242435e+00
2.933794e+09	3.242842e+00
2.933964e+09	3.243395e+00
2.934134e+09	3.242699e+00
2.934304e+09	3.242971e+00
2.934474e+09	3.243087e+00
2.934645e+09	3.242884e+00
2.934815e+09	3.242803e+00
2.934985e+09	3.242925e+00
2.935155e+09	3.243170e+00
2.935325e+09	3.243444e+00
2.935495e+09	3.243123e+00
2.935666e+09	3.243386e+00
2.935836e+09	3.243452e+00
2.936006e+09	3.243541e+00
2.936176e+09	3.243792e+00
2.936346e+09	3.243904e+00
2.936517e+09	3.243994e+00
2.936687e+09	3.243454e+00
2.936857e+09	3.243414e+00
2.937027e+09	3.243261e+00
2.937197e+09	3.243477e+00
2.937367e+09	3.243208e+00
2.937538e+09	3.243698e+00
2.937708e+09	3.243598e+00
2.937878e+09	3.243697e+00
2.938048e+09	3.244008e+00
2.938218e+09	3.244165e+00
2.938388e+09	3.244192e+00
2.938559e+09	3.244415e+00
2.938729e+09	3.244632e+00
2.938899e+09	3.244161e+00
2.939069e+09	3.244376e+00
2.939239e+09	3.244125e+00
2.939409e+09	3.243880e+00
2.939580e+09	3.243676e+00
2.939750e+09	3.244445e+00
2.939920e+09	3.244292e+00
2.940090e+09	3.244024e+00
2.940260e+09	3.244097e+00
2.940430e+09	3.244319e+00
2.940601e+09	3.244438e+00
2.940771e+09	3.244542e+00
2.940941e+09	3.244425e+00
2.941111e+09	3.244078e+00
2.941281e+09	3.244547e+00
2.941451e+09	3.243979e+00
2.941622e+09	3.243491e+00
2.941792e+09	3.244489e+00
2.941962e+09	3.244579e+00
2.942132e+09	3.244681e+00
2.942302e+09	3.244346e+00
2.942472e+09	3.244677e+00
2.942643e+09	3.244282e+00
2.942813e+09	3.244538e+00
2.942983e+09	3.244489e+00
2.943153e+09	3.244124e+00
2.943323e+09	3.244099e+00
2.943493e+09	3.244402e+00
2.943664e+09	3.244274e+00
2.943834e+09	3.243923e+00
2.944004e+09	3.244339e+00
2.944174e+09	3.244402e+00
2.944344e+09	3.244770e+00
2.944515e+09	3.244555e+00
2.944685e+09	3.244472e+00
2.944855e+09	3.243984e+00
2.945025e+09	3.244474e+00
2.945195e+09	3.244617e+00
2.945365e+09	3.244231e+00
2.945536e+09	3.244543e+00
2.945706e+09	3.244507e+00
2.945876e+09	3.244409e+00
2.946046e+09	3.244216e+00
2.946216e+09	3.244059e+00
2.946386e+09	3.244477e+00
2.946557e+09	3.244721e+00
2.946727e+09	3.244502e+00
2.946897e+09	3.244421e+00
2.947067e+09	3.244075e+00
2.947237e+09	3.244560e+00
2.947407e+09	3.244494e+00
2.947578e+09	3.244031e+00
2.947748e+09	3.244669e+00
2.947918e+09	3.244457e+00
2.948088e+09	3.244368e+00
2.948258e+09	3.243944e+00
2.948428e+09	3.244278e+00
2.948599e+09	3.244188e+00
2.948769e+09	3.244436e+00
2.948939e+09	3.244472e+00
2.949109e+09	3.244622e+00
2.949279e+09	3.244519e+00
2.949449e+09	3.244541e+00
2.949620e+09	3.244281e+00
2.949790e+09	3.244195e+00
2.949960e+09	3.244731e+00
2.950130e+09	3.244373e+00
2.950300e+09	3.244539e+00
2.950470e+09	3.244644e+00
2.950641e+09	3.243811e+00
2.950811e+09	3.244157e+00
2.950981e+09	3.244610e+00
2.951151e+09	3.244731e+00
2.951321e+09	3.244621e+00
2.951491e+09	3.244576e+00
2.951662e+09	3.244694e+00
2.951832e+09	3.244222e+00
2.952002e+09	3.244142e+00
2.952172e+09	3.244446e+00
2.952342e+09	3.244525e+00
2.952513e+09	3.244699e+00
2.952683e+09	3.244113e+00
2.952853e+09	3.244143e+00
2.953023e+09	3.244279e+00
2.953193e+09	3.244641e+00
2.953363e+09	3.244746e+00
2.953534e+09	3.244856e+00
2.953704e+09	3.244630e+00
2.953874e+09	3.244163e+00
2.954044e+09	3.244492e+00
2.954214e+09	3.244421e+00
2.954384e+09	3.244114e+00
2.954555e+09	3.244191e+00
2.954725e+09	3.244275e+00
2.954895e+09	3.244422e+00
2.955065e+09	3.244175e+00
2.955235e+09	3.244463e+00
2.955405e+09	3.244992e+00
2.955576e+09	3.244892e+00
2.955746e+09	3.244733e+00
2.955916e+09	3.244401e+00
2.956086e+09	3.244142e+00
2.956256e+09	3.244718e+00
2.956426e+09	3.245026e+00
2.956597e+09	3.244264e+00
2.956767e+09	3.244691e+00
2.956937e+09	3.244829e+00
2.957107e+09	3.244649e+00
2.957277e+09	3.244030e+00
2.957447e+09	3.244660e+00
2.957618e+09	3.244503e+00
2.957788e+09	3.244618e+00
2.957958e+09	3.244703e+00
2.958128e+09	3.244681e+00
2.958298e+09	3.244318e+00
2.958468e+09	3.244398e+00
2.958639e+09	3.244386e+00
2.958809e+09	3.244217e+00
2.958979e+09	3.244592e+00
2.959149e+09	3.244518e+00
2.959319e+09	3.244288e+00
2.959489e+09	3.244304e+00
2.959660e+09	3.244233e+00
2.959830e+09	3.244304e+00
2.960000e+09	3.244073e+00
