#Saved Data from the class wainteach_gui on 29.10.2025 at 11h12m09s.
#
#Parameters:
#===========
#
#laser setpoint (mW): 2.6600000000000001e+01
#MW limits (Hz): [2790000000.0, 2960000000.0]
#Acquisition (sample): 1000
#Average (acquisition): 3
#MW power (dBm): 1.5000000000000000e+01
#Field enabling: True
#coils currents [x, y, z] (A): [1.062699, 0.527983, 1.34]
#coils fields [bx, by, bz] (T): [0.001, 0.0005, 0.00201]
#coils fields [norm, theta, phi] (T, °, °): [0.0023, 29.1, 26.6]
#
#Data:
#=====
#frequency	voltage	
2.790000e+09	3.310097e+00
2.790170e+09	3.310289e+00
2.790340e+09	3.310750e+00
2.790511e+09	3.311482e+00
2.790681e+09	3.310896e+00
2.790851e+09	3.310886e+00
2.791021e+09	3.310839e+00
2.791191e+09	3.310871e+00
2.791361e+09	3.310455e+00
2.791532e+09	3.310399e+00
2.791702e+09	3.309842e+00
2.791872e+09	3.309156e+00
2.792042e+09	3.308960e+00
2.792212e+09	3.310575e+00
2.792382e+09	3.311025e+00
2.792553e+09	3.310591e+00
2.792723e+09	3.311222e+00
2.792893e+09	3.311075e+00
2.793063e+09	3.310906e+00
2.793233e+09	3.310834e+00
2.793403e+09	3.310293e+00
2.793574e+09	3.310404e+00
2.793744e+09	3.310288e+00
2.793914e+09	3.310326e+00
2.794084e+09	3.310442e+00
2.794254e+09	3.310066e+00
2.794424e+09	3.310806e+00
2.794595e+09	3.310735e+00
2.794765e+09	3.311527e+00
2.794935e+09	3.311078e+00
2.795105e+09	3.310491e+00
2.795275e+09	3.310864e+00
2.795445e+09	3.309877e+00
2.795616e+09	3.310447e+00
2.795786e+09	3.310225e+00
2.795956e+09	3.310575e+00
2.796126e+09	3.310500e+00
2.796296e+09	3.310741e+00
2.796466e+09	3.309729e+00
2.796637e+09	3.310879e+00
2.796807e+09	3.310139e+00
2.796977e+09	3.310355e+00
2.797147e+09	3.309604e+00
2.797317e+09	3.310062e+00
2.797487e+09	3.310108e+00
2.797658e+09	3.309842e+00
2.797828e+09	3.309753e+00
2.797998e+09	3.309752e+00
2.798168e+09	3.310205e+00
2.798338e+09	3.309444e+00
2.798509e+09	3.309134e+00
2.798679e+09	3.308783e+00
2.798849e+09	3.308190e+00
2.799019e+09	3.309226e+00
2.799189e+09	3.309034e+00
2.799359e+09	3.308811e+00
2.799530e+09	3.309337e+00
2.799700e+09	3.310177e+00
2.799870e+09	3.309157e+00
2.800040e+09	3.310537e+00
2.800210e+09	3.308867e+00
2.800380e+09	3.309534e+00
2.800551e+09	3.309200e+00
2.800721e+09	3.308429e+00
2.800891e+09	3.307965e+00
2.801061e+09	3.307291e+00
2.801231e+09	3.308709e+00
2.801401e+09	3.308466e+00
2.801572e+09	3.309218e+00
2.801742e+09	3.308957e+00
2.801912e+09	3.308409e+00
2.802082e+09	3.308830e+00
2.802252e+09	3.308694e+00
2.802422e+09	3.307780e+00
2.802593e+09	3.307947e+00
2.802763e+09	3.308293e+00
2.802933e+09	3.307544e+00
2.803103e+09	3.308038e+00
2.803273e+09	3.307319e+00
2.803443e+09	3.308751e+00
2.803614e+09	3.307985e+00
2.803784e+09	3.307698e+00
2.803954e+09	3.307091e+00
2.804124e+09	3.307031e+00
2.804294e+09	3.307126e+00
2.804464e+09	3.306748e+00
2.804635e+09	3.306586e+00
2.804805e+09	3.305956e+00
2.804975e+09	3.306491e+00
2.805145e+09	3.305943e+00
2.805315e+09	3.305675e+00
2.805485e+09	3.304817e+00
2.805656e+09	3.305283e+00
2.805826e+09	3.304648e+00
2.805996e+09	3.304963e+00
2.806166e+09	3.304072e+00
2.806336e+09	3.304321e+00
2.806507e+09	3.304747e+00
2.806677e+09	3.302945e+00
2.806847e+09	3.304032e+00
2.807017e+09	3.302052e+00
2.807187e+09	3.302268e+00
2.807357e+09	3.301271e+00
2.807528e+09	3.301041e+00
2.807698e+09	3.299250e+00
2.807868e+09	3.298392e+00
2.808038e+09	3.300144e+00
2.808208e+09	3.299783e+00
2.808378e+09	3.299583e+00
2.808549e+09	3.299210e+00
2.808719e+09	3.298660e+00
2.808889e+09	3.298505e+00
2.809059e+09	3.298044e+00
2.809229e+09	3.296439e+00
2.809399e+09	3.295824e+00
2.809570e+09	3.295548e+00
2.809740e+09	3.295109e+00
2.809910e+09	3.293295e+00
2.810080e+09	3.292155e+00
2.810250e+09	3.291708e+00
2.810420e+09	3.290490e+00
2.810591e+09	3.289064e+00
2.810761e+09	3.287623e+00
2.810931e+09	3.286185e+00
2.811101e+09	3.284722e+00
2.811271e+09	3.283773e+00
2.811441e+09	3.281214e+00
2.811612e+09	3.279957e+00
2.811782e+09	3.279126e+00
2.811952e+09	3.278086e+00
2.812122e+09	3.277248e+00
2.812292e+09	3.275018e+00
2.812462e+09	3.273628e+00
2.812633e+09	3.272152e+00
2.812803e+09	3.270807e+00
2.812973e+09	3.269807e+00
2.813143e+09	3.269276e+00
2.813313e+09	3.268917e+00
2.813483e+09	3.267979e+00
2.813654e+09	3.268295e+00
2.813824e+09	3.267265e+00
2.813994e+09	3.266418e+00
2.814164e+09	3.265713e+00
2.814334e+09	3.266029e+00
2.814505e+09	3.264144e+00
2.814675e+09	3.263697e+00
2.814845e+09	3.264612e+00
2.815015e+09	3.265085e+00
2.815185e+09	3.265950e+00
2.815355e+09	3.266050e+00
2.815526e+09	3.266299e+00
2.815696e+09	3.267322e+00
2.815866e+09	3.267616e+00
2.816036e+09	3.267317e+00
2.816206e+09	3.267886e+00
2.816376e+09	3.268054e+00
2.816547e+09	3.267893e+00
2.816717e+09	3.268289e+00
2.816887e+09	3.268411e+00
2.817057e+09	3.269544e+00
2.817227e+09	3.270771e+00
2.817397e+09	3.272292e+00
2.817568e+09	3.273667e+00
2.817738e+09	3.275511e+00
2.817908e+09	3.277709e+00
2.818078e+09	3.279745e+00
2.818248e+09	3.281011e+00
2.818418e+09	3.282753e+00
2.818589e+09	3.284401e+00
2.818759e+09	3.284845e+00
2.818929e+09	3.286109e+00
2.819099e+09	3.286925e+00
2.819269e+09	3.287571e+00
2.819439e+09	3.289265e+00
2.819610e+09	3.289662e+00
2.819780e+09	3.290341e+00
2.819950e+09	3.291550e+00
2.820120e+09	3.292838e+00
2.820290e+09	3.293602e+00
2.820460e+09	3.294629e+00
2.820631e+09	3.293825e+00
2.820801e+09	3.294782e+00
2.820971e+09	3.295336e+00
2.821141e+09	3.296041e+00
2.821311e+09	3.295375e+00
2.821481e+09	3.295617e+00
2.821652e+09	3.296816e+00
2.821822e+09	3.296379e+00
2.821992e+09	3.296679e+00
2.822162e+09	3.296788e+00
2.822332e+09	3.297269e+00
2.822503e+09	3.297409e+00
2.822673e+09	3.297611e+00
2.822843e+09	3.296694e+00
2.823013e+09	3.296466e+00
2.823183e+09	3.297389e+00
2.823353e+09	3.297002e+00
2.823524e+09	3.297669e+00
2.823694e+09	3.295925e+00
2.823864e+09	3.296671e+00
2.824034e+09	3.296568e+00
2.824204e+09	3.296588e+00
2.824374e+09	3.296277e+00
2.824545e+09	3.296163e+00
2.824715e+09	3.296719e+00
2.824885e+09	3.296532e+00
2.825055e+09	3.295971e+00
2.825225e+09	3.294931e+00
2.825395e+09	3.294737e+00
2.825566e+09	3.293589e+00
2.825736e+09	3.292534e+00
2.825906e+09	3.291596e+00
2.826076e+09	3.292653e+00
2.826246e+09	3.292671e+00
2.826416e+09	3.293167e+00
2.826587e+09	3.292777e+00
2.826757e+09	3.291622e+00
2.826927e+09	3.291928e+00
2.827097e+09	3.290838e+00
2.827267e+09	3.291495e+00
2.827437e+09	3.289391e+00
2.827608e+09	3.288824e+00
2.827778e+09	3.288445e+00
2.827948e+09	3.287291e+00
2.828118e+09	3.285801e+00
2.828288e+09	3.284718e+00
2.828458e+09	3.284084e+00
2.828629e+09	3.282657e+00
2.828799e+09	3.281468e+00
2.828969e+09	3.279437e+00
2.829139e+09	3.278189e+00
2.829309e+09	3.276915e+00
2.829479e+09	3.275688e+00
2.829650e+09	3.273708e+00
2.829820e+09	3.272493e+00
2.829990e+09	3.272190e+00
2.830160e+09	3.270446e+00
2.830330e+09	3.268681e+00
2.830501e+09	3.266069e+00
2.830671e+09	3.264953e+00
2.830841e+09	3.263923e+00
2.831011e+09	3.263552e+00
2.831181e+09	3.262219e+00
2.831351e+09	3.262682e+00
2.831522e+09	3.263010e+00
2.831692e+09	3.262562e+00
2.831862e+09	3.262987e+00
2.832032e+09	3.260565e+00
2.832202e+09	3.260104e+00
2.832372e+09	3.260288e+00
2.832543e+09	3.259286e+00
2.832713e+09	3.258276e+00
2.832883e+09	3.258594e+00
2.833053e+09	3.259895e+00
2.833223e+09	3.260254e+00
2.833393e+09	3.260244e+00
2.833564e+09	3.260327e+00
2.833734e+09	3.261540e+00
2.833904e+09	3.261207e+00
2.834074e+09	3.262145e+00
2.834244e+09	3.261198e+00
2.834414e+09	3.261908e+00
2.834585e+09	3.261736e+00
2.834755e+09	3.261986e+00
2.834925e+09	3.262838e+00
2.835095e+09	3.262881e+00
2.835265e+09	3.264846e+00
2.835435e+09	3.266005e+00
2.835606e+09	3.267636e+00
2.835776e+09	3.268828e+00
2.835946e+09	3.270952e+00
2.836116e+09	3.272672e+00
2.836286e+09	3.274397e+00
2.836456e+09	3.275276e+00
2.836627e+09	3.276412e+00
2.836797e+09	3.277187e+00
2.836967e+09	3.277542e+00
2.837137e+09	3.277575e+00
2.837307e+09	3.276691e+00
2.837477e+09	3.276639e+00
2.837648e+09	3.277187e+00
2.837818e+09	3.279589e+00
2.837988e+09	3.280427e+00
2.838158e+09	3.281514e+00
2.838328e+09	3.282159e+00
2.838498e+09	3.282470e+00
2.838669e+09	3.284104e+00
2.838839e+09	3.283041e+00
2.839009e+09	3.283141e+00
2.839179e+09	3.282046e+00
2.839349e+09	3.282071e+00
2.839520e+09	3.280130e+00
2.839690e+09	3.280081e+00
2.839860e+09	3.279541e+00
2.840030e+09	3.278860e+00
2.840200e+09	3.278039e+00
2.840370e+09	3.276587e+00
2.840541e+09	3.276072e+00
2.840711e+09	3.274634e+00
2.840881e+09	3.273381e+00
2.841051e+09	3.270853e+00
2.841221e+09	3.270002e+00
2.841391e+09	3.268483e+00
2.841562e+09	3.266779e+00
2.841732e+09	3.265621e+00
2.841902e+09	3.263562e+00
2.842072e+09	3.262283e+00
2.842242e+09	3.260160e+00
2.842412e+09	3.259209e+00
2.842583e+09	3.258207e+00
2.842753e+09	3.258994e+00
2.842923e+09	3.258656e+00
2.843093e+09	3.259441e+00
2.843263e+09	3.259151e+00
2.843433e+09	3.258446e+00
2.843604e+09	3.258534e+00
2.843774e+09	3.257493e+00
2.843944e+09	3.256688e+00
2.844114e+09	3.255892e+00
2.844284e+09	3.255448e+00
2.844454e+09	3.255976e+00
2.844625e+09	3.255938e+00
2.844795e+09	3.256840e+00
2.844965e+09	3.257114e+00
2.845135e+09	3.258390e+00
2.845305e+09	3.258956e+00
2.845475e+09	3.260877e+00
2.845646e+09	3.260152e+00
2.845816e+09	3.260941e+00
2.845986e+09	3.260746e+00
2.846156e+09	3.261535e+00
2.846326e+09	3.260662e+00
2.846496e+09	3.261586e+00
2.846667e+09	3.262322e+00
2.846837e+09	3.263750e+00
2.847007e+09	3.265746e+00
2.847177e+09	3.266704e+00
2.847347e+09	3.270468e+00
2.847518e+09	3.272671e+00
2.847688e+09	3.276063e+00
2.847858e+09	3.276574e+00
2.848028e+09	3.279202e+00
2.848198e+09	3.281209e+00
2.848368e+09	3.281734e+00
2.848539e+09	3.282808e+00
2.848709e+09	3.282755e+00
2.848879e+09	3.284442e+00
2.849049e+09	3.284579e+00
2.849219e+09	3.285366e+00
2.849389e+09	3.286425e+00
2.849560e+09	3.288201e+00
2.849730e+09	3.289773e+00
2.849900e+09	3.291629e+00
2.850070e+09	3.291651e+00
2.850240e+09	3.292370e+00
2.850410e+09	3.292719e+00
2.850581e+09	3.293364e+00
2.850751e+09	3.294100e+00
2.850921e+09	3.293840e+00
2.851091e+09	3.295296e+00
2.851261e+09	3.294338e+00
2.851431e+09	3.295981e+00
2.851602e+09	3.295260e+00
2.851772e+09	3.295377e+00
2.851942e+09	3.296140e+00
2.852112e+09	3.295632e+00
2.852282e+09	3.295961e+00
2.852452e+09	3.295499e+00
2.852623e+09	3.296605e+00
2.852793e+09	3.295925e+00
2.852963e+09	3.296440e+00
2.853133e+09	3.296604e+00
2.853303e+09	3.295737e+00
2.853473e+09	3.295961e+00
2.853644e+09	3.295783e+00
2.853814e+09	3.295194e+00
2.853984e+09	3.294389e+00
2.854154e+09	3.294660e+00
2.854324e+09	3.294439e+00
2.854494e+09	3.294795e+00
2.854665e+09	3.292204e+00
2.854835e+09	3.292058e+00
2.855005e+09	3.292512e+00
2.855175e+09	3.292359e+00
2.855345e+09	3.292541e+00
2.855516e+09	3.292380e+00
2.855686e+09	3.292256e+00
2.855856e+09	3.292005e+00
2.856026e+09	3.291753e+00
2.856196e+09	3.290922e+00
2.856366e+09	3.290329e+00
2.856537e+09	3.290129e+00
2.856707e+09	3.289277e+00
2.856877e+09	3.287737e+00
2.857047e+09	3.287407e+00
2.857217e+09	3.286064e+00
2.857387e+09	3.285226e+00
2.857558e+09	3.283902e+00
2.857728e+09	3.282099e+00
2.857898e+09	3.280758e+00
2.858068e+09	3.279966e+00
2.858238e+09	3.277951e+00
2.858408e+09	3.276791e+00
2.858579e+09	3.274011e+00
2.858749e+09	3.273887e+00
2.858919e+09	3.271731e+00
2.859089e+09	3.270170e+00
2.859259e+09	3.268209e+00
2.859429e+09	3.266505e+00
2.859600e+09	3.264681e+00
2.859770e+09	3.263750e+00
2.859940e+09	3.262248e+00
2.860110e+09	3.261013e+00
2.860280e+09	3.262078e+00
2.860450e+09	3.261457e+00
2.860621e+09	3.262075e+00
2.860791e+09	3.260429e+00
2.860961e+09	3.260070e+00
2.861131e+09	3.260116e+00
2.861301e+09	3.259954e+00
2.861471e+09	3.258612e+00
2.861642e+09	3.257993e+00
2.861812e+09	3.258834e+00
2.861982e+09	3.258274e+00
2.862152e+09	3.259643e+00
2.862322e+09	3.259529e+00
2.862492e+09	3.260681e+00
2.862663e+09	3.261977e+00
2.862833e+09	3.262313e+00
2.863003e+09	3.262516e+00
2.863173e+09	3.262741e+00
2.863343e+09	3.263434e+00
2.863514e+09	3.263809e+00
2.863684e+09	3.264372e+00
2.863854e+09	3.264939e+00
2.864024e+09	3.265376e+00
2.864194e+09	3.265770e+00
2.864364e+09	3.267888e+00
2.864535e+09	3.269308e+00
2.864705e+09	3.271380e+00
2.864875e+09	3.274106e+00
2.865045e+09	3.276342e+00
2.865215e+09	3.278412e+00
2.865385e+09	3.280502e+00
2.865556e+09	3.282978e+00
2.865726e+09	3.283906e+00
2.865896e+09	3.285555e+00
2.866066e+09	3.286437e+00
2.866236e+09	3.287433e+00
2.866406e+09	3.287992e+00
2.866577e+09	3.288126e+00
2.866747e+09	3.287800e+00
2.866917e+09	3.289358e+00
2.867087e+09	3.292232e+00
2.867257e+09	3.292836e+00
2.867427e+09	3.294594e+00
2.867598e+09	3.295200e+00
2.867768e+09	3.296739e+00
2.867938e+09	3.296878e+00
2.868108e+09	3.298494e+00
2.868278e+09	3.297785e+00
2.868448e+09	3.298717e+00
2.868619e+09	3.299230e+00
2.868789e+09	3.299504e+00
2.868959e+09	3.299518e+00
2.869129e+09	3.299980e+00
2.869299e+09	3.300857e+00
2.869469e+09	3.300610e+00
2.869640e+09	3.300912e+00
2.869810e+09	3.300014e+00
2.869980e+09	3.301795e+00
2.870150e+09	3.301825e+00
2.870320e+09	3.302882e+00
2.870490e+09	3.302428e+00
2.870661e+09	3.302916e+00
2.870831e+09	3.302411e+00
2.871001e+09	3.303325e+00
2.871171e+09	3.303632e+00
2.871341e+09	3.303079e+00
2.871512e+09	3.304033e+00
2.871682e+09	3.304438e+00
2.871852e+09	3.304141e+00
2.872022e+09	3.304426e+00
2.872192e+09	3.304167e+00
2.872362e+09	3.304764e+00
2.872533e+09	3.304939e+00
2.872703e+09	3.304413e+00
2.872873e+09	3.304365e+00
2.873043e+09	3.304014e+00
2.873213e+09	3.304604e+00
2.873383e+09	3.304582e+00
2.873554e+09	3.303748e+00
2.873724e+09	3.303640e+00
2.873894e+09	3.303876e+00
2.874064e+09	3.303812e+00
2.874234e+09	3.303210e+00
2.874404e+09	3.302550e+00
2.874575e+09	3.302755e+00
2.874745e+09	3.302892e+00
2.874915e+09	3.303300e+00
2.875085e+09	3.301996e+00
2.875255e+09	3.300543e+00
2.875425e+09	3.300216e+00
2.875596e+09	3.298808e+00
2.875766e+09	3.298938e+00
2.875936e+09	3.299321e+00
2.876106e+09	3.299552e+00
2.876276e+09	3.299670e+00
2.876446e+09	3.299159e+00
2.876617e+09	3.298197e+00
2.876787e+09	3.298422e+00
2.876957e+09	3.299385e+00
2.877127e+09	3.298363e+00
2.877297e+09	3.297644e+00
2.877467e+09	3.296968e+00
2.877638e+09	3.295731e+00
2.877808e+09	3.294321e+00
2.877978e+09	3.294277e+00
2.878148e+09	3.292225e+00
2.878318e+09	3.292256e+00
2.878488e+09	3.291274e+00
2.878659e+09	3.289900e+00
2.878829e+09	3.287944e+00
2.878999e+09	3.286323e+00
2.879169e+09	3.284968e+00
2.879339e+09	3.283341e+00
2.879510e+09	3.281517e+00
2.879680e+09	3.278587e+00
2.879850e+09	3.277325e+00
2.880020e+09	3.275310e+00
2.880190e+09	3.273548e+00
2.880360e+09	3.271199e+00
2.880531e+09	3.269744e+00
2.880701e+09	3.269289e+00
2.880871e+09	3.268036e+00
2.881041e+09	3.268257e+00
2.881211e+09	3.267480e+00
2.881381e+09	3.268360e+00
2.881552e+09	3.268035e+00
2.881722e+09	3.267461e+00
2.881892e+09	3.265807e+00
2.882062e+09	3.264748e+00
2.882232e+09	3.263704e+00
2.882402e+09	3.263017e+00
2.882573e+09	3.262686e+00
2.882743e+09	3.262597e+00
2.882913e+09	3.263068e+00
2.883083e+09	3.264163e+00
2.883253e+09	3.265023e+00
2.883423e+09	3.264554e+00
2.883594e+09	3.265679e+00
2.883764e+09	3.266920e+00
2.883934e+09	3.267344e+00
2.884104e+09	3.266151e+00
2.884274e+09	3.265519e+00
2.884444e+09	3.265626e+00
2.884615e+09	3.265808e+00
2.884785e+09	3.266355e+00
2.884955e+09	3.266206e+00
2.885125e+09	3.268501e+00
2.885295e+09	3.270310e+00
2.885465e+09	3.272816e+00
2.885636e+09	3.274842e+00
2.885806e+09	3.276920e+00
2.885976e+09	3.279282e+00
2.886146e+09	3.281354e+00
2.886316e+09	3.283913e+00
2.886486e+09	3.284618e+00
2.886657e+09	3.286152e+00
2.886827e+09	3.287075e+00
2.886997e+09	3.288178e+00
2.887167e+09	3.287000e+00
2.887337e+09	3.287128e+00
2.887508e+09	3.288581e+00
2.887678e+09	3.289773e+00
2.887848e+09	3.291498e+00
2.888018e+09	3.291542e+00
2.888188e+09	3.294357e+00
2.888358e+09	3.294844e+00
2.888529e+09	3.296249e+00
2.888699e+09	3.295594e+00
2.888869e+09	3.295256e+00
2.889039e+09	3.295913e+00
2.889209e+09	3.296628e+00
2.889379e+09	3.296252e+00
2.889550e+09	3.296969e+00
2.889720e+09	3.297781e+00
2.889890e+09	3.297566e+00
2.890060e+09	3.298327e+00
2.890230e+09	3.297205e+00
2.890400e+09	3.298190e+00
2.890571e+09	3.298492e+00
2.890741e+09	3.298392e+00
2.890911e+09	3.297645e+00
2.891081e+09	3.297886e+00
2.891251e+09	3.298100e+00
2.891421e+09	3.297835e+00
2.891592e+09	3.297534e+00
2.891762e+09	3.297192e+00
2.891932e+09	3.297304e+00
2.892102e+09	3.297016e+00
2.892272e+09	3.296541e+00
2.892442e+09	3.295950e+00
2.892613e+09	3.295319e+00
2.892783e+09	3.296534e+00
2.892953e+09	3.296881e+00
2.893123e+09	3.296763e+00
2.893293e+09	3.297696e+00
2.893463e+09	3.296918e+00
2.893634e+09	3.296400e+00
2.893804e+09	3.297165e+00
2.893974e+09	3.295541e+00
2.894144e+09	3.295645e+00
2.894314e+09	3.294431e+00
2.894484e+09	3.293676e+00
2.894655e+09	3.293473e+00
2.894825e+09	3.292611e+00
2.894995e+09	3.292083e+00
2.895165e+09	3.291733e+00
2.895335e+09	3.290781e+00
2.895506e+09	3.289398e+00
2.895676e+09	3.287826e+00
2.895846e+09	3.286645e+00
2.896016e+09	3.284884e+00
2.896186e+09	3.282639e+00
2.896356e+09	3.280829e+00
2.896527e+09	3.279266e+00
2.896697e+09	3.277394e+00
2.896867e+09	3.274966e+00
2.897037e+09	3.272586e+00
2.897207e+09	3.271854e+00
2.897377e+09	3.270731e+00
2.897548e+09	3.270411e+00
2.897718e+09	3.269878e+00
2.897888e+09	3.270077e+00
2.898058e+09	3.271312e+00
2.898228e+09	3.271403e+00
2.898398e+09	3.271151e+00
2.898569e+09	3.271091e+00
2.898739e+09	3.270123e+00
2.898909e+09	3.268768e+00
2.899079e+09	3.267493e+00
2.899249e+09	3.266240e+00
2.899419e+09	3.265123e+00
2.899590e+09	3.266052e+00
2.899760e+09	3.266413e+00
2.899930e+09	3.267503e+00
2.900100e+09	3.269377e+00
2.900270e+09	3.270980e+00
2.900440e+09	3.272176e+00
2.900611e+09	3.273178e+00
2.900781e+09	3.272021e+00
2.900951e+09	3.270736e+00
2.901121e+09	3.269968e+00
2.901291e+09	3.268702e+00
2.901461e+09	3.268022e+00
2.901632e+09	3.268054e+00
2.901802e+09	3.269445e+00
2.901972e+09	3.271133e+00
2.902142e+09	3.274655e+00
2.902312e+09	3.276591e+00
2.902482e+09	3.278648e+00
2.902653e+09	3.281452e+00
2.902823e+09	3.282573e+00
2.902993e+09	3.283917e+00
2.903163e+09	3.284918e+00
2.903333e+09	3.286120e+00
2.903504e+09	3.287838e+00
2.903674e+09	3.288006e+00
2.903844e+09	3.288128e+00
2.904014e+09	3.288870e+00
2.904184e+09	3.289223e+00
2.904354e+09	3.289235e+00
2.904525e+09	3.289745e+00
2.904695e+09	3.289847e+00
2.904865e+09	3.291598e+00
2.905035e+09	3.291397e+00
2.905205e+09	3.292057e+00
2.905375e+09	3.291998e+00
2.905546e+09	3.292290e+00
2.905716e+09	3.291925e+00
2.905886e+09	3.291651e+00
2.906056e+09	3.291051e+00
2.906226e+09	3.289681e+00
2.906396e+09	3.289242e+00
2.906567e+09	3.287932e+00
2.906737e+09	3.287259e+00
2.906907e+09	3.285094e+00
2.907077e+09	3.284380e+00
2.907247e+09	3.282205e+00
2.907417e+09	3.281775e+00
2.907588e+09	3.280216e+00
2.907758e+09	3.277578e+00
2.907928e+09	3.275691e+00
2.908098e+09	3.274337e+00
2.908268e+09	3.272386e+00
2.908438e+09	3.272010e+00
2.908609e+09	3.272287e+00
2.908779e+09	3.273736e+00
2.908949e+09	3.275266e+00
2.909119e+09	3.274326e+00
2.909289e+09	3.274656e+00
2.909459e+09	3.274421e+00
2.909630e+09	3.273572e+00
2.909800e+09	3.271531e+00
2.909970e+09	3.271035e+00
2.910140e+09	3.270697e+00
2.910310e+09	3.270165e+00
2.910480e+09	3.270839e+00
2.910651e+09	3.270193e+00
2.910821e+09	3.271539e+00
2.910991e+09	3.273646e+00
2.911161e+09	3.274680e+00
2.911331e+09	3.275752e+00
2.911502e+09	3.275421e+00
2.911672e+09	3.275250e+00
2.911842e+09	3.274800e+00
2.912012e+09	3.274647e+00
2.912182e+09	3.274103e+00
2.912352e+09	3.273192e+00
2.912523e+09	3.274822e+00
2.912693e+09	3.274948e+00
2.912863e+09	3.276590e+00
2.913033e+09	3.278744e+00
2.913203e+09	3.280680e+00
2.913373e+09	3.282987e+00
2.913544e+09	3.285790e+00
2.913714e+09	3.287783e+00
2.913884e+09	3.289588e+00
2.914054e+09	3.291025e+00
2.914224e+09	3.292440e+00
2.914394e+09	3.293418e+00
2.914565e+09	3.294049e+00
2.914735e+09	3.293930e+00
2.914905e+09	3.293925e+00
2.915075e+09	3.293619e+00
2.915245e+09	3.293335e+00
2.915415e+09	3.294304e+00
2.915586e+09	3.296793e+00
2.915756e+09	3.297971e+00
2.915926e+09	3.298523e+00
2.916096e+09	3.298209e+00
2.916266e+09	3.299081e+00
2.916436e+09	3.298764e+00
2.916607e+09	3.298429e+00
2.916777e+09	3.299053e+00
2.916947e+09	3.300125e+00
2.917117e+09	3.300574e+00
2.917287e+09	3.300951e+00
2.917457e+09	3.301124e+00
2.917628e+09	3.300440e+00
2.917798e+09	3.301646e+00
2.917968e+09	3.300526e+00
2.918138e+09	3.300878e+00
2.918308e+09	3.300731e+00
2.918478e+09	3.301679e+00
2.918649e+09	3.301227e+00
2.918819e+09	3.301730e+00
2.918989e+09	3.301429e+00
2.919159e+09	3.301500e+00
2.919329e+09	3.300791e+00
2.919499e+09	3.301409e+00
2.919670e+09	3.301120e+00
2.919840e+09	3.300346e+00
2.920010e+09	3.300788e+00
2.920180e+09	3.300326e+00
2.920350e+09	3.300527e+00
2.920521e+09	3.300862e+00
2.920691e+09	3.300723e+00
2.920861e+09	3.301394e+00
2.921031e+09	3.301449e+00
2.921201e+09	3.300467e+00
2.921371e+09	3.300222e+00
2.921542e+09	3.299392e+00
2.921712e+09	3.298479e+00
2.921882e+09	3.297577e+00
2.922052e+09	3.295723e+00
2.922222e+09	3.295462e+00
2.922392e+09	3.295837e+00
2.922563e+09	3.295660e+00
2.922733e+09	3.294314e+00
2.922903e+09	3.292916e+00
2.923073e+09	3.292294e+00
2.923243e+09	3.290178e+00
2.923413e+09	3.288817e+00
2.923584e+09	3.286165e+00
2.923754e+09	3.285769e+00
2.923924e+09	3.284568e+00
2.924094e+09	3.283098e+00
2.924264e+09	3.281172e+00
2.924434e+09	3.278974e+00
2.924605e+09	3.278440e+00
2.924775e+09	3.278413e+00
2.924945e+09	3.278016e+00
2.925115e+09	3.278165e+00
2.925285e+09	3.279884e+00
2.925455e+09	3.280070e+00
2.925626e+09	3.280128e+00
2.925796e+09	3.279003e+00
2.925966e+09	3.278389e+00
2.926136e+09	3.276489e+00
2.926306e+09	3.275832e+00
2.926476e+09	3.274419e+00
2.926647e+09	3.274548e+00
2.926817e+09	3.275564e+00
2.926987e+09	3.275255e+00
2.927157e+09	3.276532e+00
2.927327e+09	3.278096e+00
2.927497e+09	3.279629e+00
2.927668e+09	3.280074e+00
2.927838e+09	3.282078e+00
2.928008e+09	3.280964e+00
2.928178e+09	3.280716e+00
2.928348e+09	3.280282e+00
2.928519e+09	3.279585e+00
2.928689e+09	3.279576e+00
2.928859e+09	3.279028e+00
2.929029e+09	3.280331e+00
2.929199e+09	3.282583e+00
2.929369e+09	3.284371e+00
2.929540e+09	3.287646e+00
2.929710e+09	3.289696e+00
2.929880e+09	3.291560e+00
2.930050e+09	3.294226e+00
2.930220e+09	3.295232e+00
2.930390e+09	3.296312e+00
2.930561e+09	3.297972e+00
2.930731e+09	3.298761e+00
2.930901e+09	3.299864e+00
2.931071e+09	3.300019e+00
2.931241e+09	3.299978e+00
2.931411e+09	3.300272e+00
2.931582e+09	3.302252e+00
2.931752e+09	3.302043e+00
2.931922e+09	3.303384e+00
2.932092e+09	3.304268e+00
2.932262e+09	3.304361e+00
2.932432e+09	3.304941e+00
2.932603e+09	3.304895e+00
2.932773e+09	3.305685e+00
2.932943e+09	3.305817e+00
2.933113e+09	3.306095e+00
2.933283e+09	3.304931e+00
2.933453e+09	3.306329e+00
2.933624e+09	3.306730e+00
2.933794e+09	3.307196e+00
2.933964e+09	3.307076e+00
2.934134e+09	3.308060e+00
2.934304e+09	3.307192e+00
2.934474e+09	3.307111e+00
2.934645e+09	3.308526e+00
2.934815e+09	3.307469e+00
2.934985e+09	3.308410e+00
2.935155e+09	3.308310e+00
2.935325e+09	3.309020e+00
2.935495e+09	3.308998e+00
2.935666e+09	3.308594e+00
2.935836e+09	3.309515e+00
2.936006e+09	3.308506e+00
2.936176e+09	3.309511e+00
2.936346e+09	3.309337e+00
2.936517e+09	3.308504e+00
2.936687e+09	3.309247e+00
2.936857e+09	3.310613e+00
2.937027e+09	3.309658e+00
2.937197e+09	3.309953e+00
2.937367e+09	3.310491e+00
2.937538e+09	3.310385e+00
2.937708e+09	3.310858e+00
2.937878e+09	3.310555e+00
2.938048e+09	3.310881e+00
2.938218e+09	3.309537e+00
2.938388e+09	3.310711e+00
2.938559e+09	3.309961e+00
2.938729e+09	3.310594e+00
2.938899e+09	3.310915e+00
2.939069e+09	3.310594e+00
2.939239e+09	3.310691e+00
2.939409e+09	3.311105e+00
2.939580e+09	3.311165e+00
2.939750e+09	3.311124e+00
2.939920e+09	3.311158e+00
2.940090e+09	3.310113e+00
2.940260e+09	3.310444e+00
2.940430e+09	3.310522e+00
2.940601e+09	3.311659e+00
2.940771e+09	3.310746e+00
2.940941e+09	3.311327e+00
2.941111e+09	3.311501e+00
2.941281e+09	3.310931e+00
2.941451e+09	3.312120e+00
2.941622e+09	3.311183e+00
2.941792e+09	3.310683e+00
2.941962e+09	3.310826e+00
2.942132e+09	3.311315e+00
2.942302e+09	3.310037e+00
2.942472e+09	3.312015e+00
2.942643e+09	3.311927e+00
2.942813e+09	3.310890e+00
2.942983e+09	3.311659e+00
2.943153e+09	3.311432e+00
2.943323e+09	3.311719e+00
2.943493e+09	3.310919e+00
2.943664e+09	3.311730e+00
2.943834e+09	3.310500e+00
2.944004e+09	3.311805e+00
2.944174e+09	3.312069e+00
2.944344e+09	3.311338e+00
2.944515e+09	3.312220e+00
2.944685e+09	3.312854e+00
2.944855e+09	3.311613e+00
2.945025e+09	3.310548e+00
2.945195e+09	3.311804e+00
2.945365e+09	3.310664e+00
2.945536e+09	3.310819e+00
2.945706e+09	3.310601e+00
2.945876e+09	3.311537e+00
2.946046e+09	3.310975e+00
2.946216e+09	3.311139e+00
2.946386e+09	3.311718e+00
2.946557e+09	3.311407e+00
2.946727e+09	3.311815e+00
2.946897e+09	3.310615e+00
2.947067e+09	3.311352e+00
2.947237e+09	3.311373e+00
2.947407e+09	3.311633e+00
2.947578e+09	3.310968e+00
2.947748e+09	3.311198e+00
2.947918e+09	3.311439e+00
2.948088e+09	3.311241e+00
2.948258e+09	3.311637e+00
2.948428e+09	3.312044e+00
2.948599e+09	3.312088e+00
2.948769e+09	3.312017e+00
2.948939e+09	3.311564e+00
2.949109e+09	3.310454e+00
2.949279e+09	3.311516e+00
2.949449e+09	3.311797e+00
2.949620e+09	3.312399e+00
2.949790e+09	3.311150e+00
2.949960e+09	3.311630e+00
2.950130e+09	3.312056e+00
2.950300e+09	3.311690e+00
2.950470e+09	3.311721e+00
2.950641e+09	3.310833e+00
2.950811e+09	3.311510e+00
2.950981e+09	3.311033e+00
2.951151e+09	3.311704e+00
2.951321e+09	3.311663e+00
2.951491e+09	3.312157e+00
2.951662e+09	3.311749e+00
2.951832e+09	3.311406e+00
2.952002e+09	3.311442e+00
2.952172e+09	3.311025e+00
2.952342e+09	3.310823e+00
2.952513e+09	3.310935e+00
2.952683e+09	3.311564e+00
2.952853e+09	3.310503e+00
2.953023e+09	3.311126e+00
2.953193e+09	3.311212e+00
2.953363e+09	3.311232e+00
2.953534e+09	3.311498e+00
2.953704e+09	3.311448e+00
2.953874e+09	3.311714e+00
2.954044e+09	3.311196e+00
2.954214e+09	3.311252e+00
2.954384e+09	3.311210e+00
2.954555e+09	3.312240e+00
2.954725e+09	3.311948e+00
2.954895e+09	3.312233e+00
2.955065e+09	3.311531e+00
2.955235e+09	3.312191e+00
2.955405e+09	3.311500e+00
2.955576e+09	3.311798e+00
2.955746e+09	3.312338e+00
2.955916e+09	3.311247e+00
2.956086e+09	3.312212e+00
2.956256e+09	3.311634e+00
2.956426e+09	3.311630e+00
2.956597e+09	3.311437e+00
2.956767e+09	3.311825e+00
2.956937e+09	3.311387e+00
2.957107e+09	3.310978e+00
2.957277e+09	3.312108e+00
2.957447e+09	3.311042e+00
2.957618e+09	3.311141e+00
2.957788e+09	3.311601e+00
2.957958e+09	3.312104e+00
2.958128e+09	3.312024e+00
2.958298e+09	3.312220e+00
2.958468e+09	3.311249e+00
2.958639e+09	3.311537e+00
2.958809e+09	3.312377e+00
2.958979e+09	3.311907e+00
2.959149e+09	3.310887e+00
2.959319e+09	3.311867e+00
2.959489e+09	3.311711e+00
2.959660e+09	3.311328e+00
2.959830e+09	3.311299e+00
2.960000e+09	3.309617e+00
