#Saved Data from the class wainteach_gui on 29.10.2025 at 12h09m37s.
#
#Parameters:
#===========
#
#laser setpoint (mW): 2.6600000000000001e+01
#MW limits (Hz): [2790000000.0, 2960000000.0]
#Acquisition (sample): 1000
#Average (acquisition): 10
#MW power (dBm): 6.0000000000000000e+00
#Field enabling: True
#coils currents [x, y, z] (A): [-1.145272, -0.520304, -1.28803]
#coils fields [bx, by, bz] (T): [-0.001078, -0.000493, -0.001932]
#coils fields [norm, theta, phi] (T, °, °): [0.002266, 148.5, 204.6]
#
#Data:
#=====
#frequency	voltage	
2.790000e+09	3.244226e+00
2.790170e+09	3.244556e+00
2.790340e+09	3.244492e+00
2.790511e+09	3.244057e+00
2.790681e+09	3.244124e+00
2.790851e+09	3.244356e+00
2.791021e+09	3.244336e+00
2.791191e+09	3.244652e+00
2.791361e+09	3.244827e+00
2.791532e+09	3.244751e+00
2.791702e+09	3.244787e+00
2.791872e+09	3.244185e+00
2.792042e+09	3.243574e+00
2.792212e+09	3.243913e+00
2.792382e+09	3.244213e+00
2.792553e+09	3.244667e+00
2.792723e+09	3.244174e+00
2.792893e+09	3.244638e+00
2.793063e+09	3.244555e+00
2.793233e+09	3.244576e+00
2.793403e+09	3.244662e+00
2.793574e+09	3.244436e+00
2.793744e+09	3.244054e+00
2.793914e+09	3.243975e+00
2.794084e+09	3.244674e+00
2.794254e+09	3.244011e+00
2.794424e+09	3.243720e+00
2.794595e+09	3.244201e+00
2.794765e+09	3.244374e+00
2.794935e+09	3.244431e+00
2.795105e+09	3.244214e+00
2.795275e+09	3.244414e+00
2.795445e+09	3.244441e+00
2.795616e+09	3.244537e+00
2.795786e+09	3.244078e+00
2.795956e+09	3.244521e+00
2.796126e+09	3.244307e+00
2.796296e+09	3.244555e+00
2.796466e+09	3.244371e+00
2.796637e+09	3.244331e+00
2.796807e+09	3.243909e+00
2.796977e+09	3.244108e+00
2.797147e+09	3.244398e+00
2.797317e+09	3.244460e+00
2.797487e+09	3.244618e+00
2.797658e+09	3.244560e+00
2.797828e+09	3.244649e+00
2.797998e+09	3.244031e+00
2.798168e+09	3.244147e+00
2.798338e+09	3.244291e+00
2.798509e+09	3.244097e+00
2.798679e+09	3.244688e+00
2.798849e+09	3.243964e+00
2.799019e+09	3.244099e+00
2.799189e+09	3.244116e+00
2.799359e+09	3.244412e+00
2.799530e+09	3.244198e+00
2.799700e+09	3.244117e+00
2.799870e+09	3.244335e+00
2.800040e+09	3.244072e+00
2.800210e+09	3.243966e+00
2.800380e+09	3.244288e+00
2.800551e+09	3.244099e+00
2.800721e+09	3.244455e+00
2.800891e+09	3.244283e+00
2.801061e+09	3.244353e+00
2.801231e+09	3.243657e+00
2.801401e+09	3.244147e+00
2.801572e+09	3.244290e+00
2.801742e+09	3.243748e+00
2.801912e+09	3.243259e+00
2.802082e+09	3.243986e+00
2.802252e+09	3.243647e+00
2.802422e+09	3.243742e+00
2.802593e+09	3.244106e+00
2.802763e+09	3.243985e+00
2.802933e+09	3.243649e+00
2.803103e+09	3.243580e+00
2.803273e+09	3.242763e+00
2.803443e+09	3.242555e+00
2.803614e+09	3.242995e+00
2.803784e+09	3.242972e+00
2.803954e+09	3.242828e+00
2.804124e+09	3.242672e+00
2.804294e+09	3.243297e+00
2.804464e+09	3.242951e+00
2.804635e+09	3.243719e+00
2.804805e+09	3.243128e+00
2.804975e+09	3.243161e+00
2.805145e+09	3.242804e+00
2.805315e+09	3.242526e+00
2.805485e+09	3.241401e+00
2.805656e+09	3.241504e+00
2.805826e+09	3.241791e+00
2.805996e+09	3.241396e+00
2.806166e+09	3.241586e+00
2.806336e+09	3.241484e+00
2.806507e+09	3.241660e+00
2.806677e+09	3.241741e+00
2.806847e+09	3.241638e+00
2.807017e+09	3.240861e+00
2.807187e+09	3.240966e+00
2.807357e+09	3.241352e+00
2.807528e+09	3.241148e+00
2.807698e+09	3.240506e+00
2.807868e+09	3.239828e+00
2.808038e+09	3.239249e+00
2.808208e+09	3.238754e+00
2.808378e+09	3.239055e+00
2.808549e+09	3.238188e+00
2.808719e+09	3.237712e+00
2.808889e+09	3.237514e+00
2.809059e+09	3.237178e+00
2.809229e+09	3.235350e+00
2.809399e+09	3.234397e+00
2.809570e+09	3.233128e+00
2.809740e+09	3.230974e+00
2.809910e+09	3.229273e+00
2.810080e+09	3.226298e+00
2.810250e+09	3.223890e+00
2.810420e+09	3.222051e+00
2.810591e+09	3.222674e+00
2.810761e+09	3.223262e+00
2.810931e+09	3.225632e+00
2.811101e+09	3.227249e+00
2.811271e+09	3.228832e+00
2.811441e+09	3.229073e+00
2.811612e+09	3.229408e+00
2.811782e+09	3.228502e+00
2.811952e+09	3.226712e+00
2.812122e+09	3.225012e+00
2.812292e+09	3.221950e+00
2.812462e+09	3.220019e+00
2.812633e+09	3.219280e+00
2.812803e+09	3.220648e+00
2.812973e+09	3.222059e+00
2.813143e+09	3.224378e+00
2.813313e+09	3.226684e+00
2.813483e+09	3.228023e+00
2.813654e+09	3.228724e+00
2.813824e+09	3.228967e+00
2.813994e+09	3.228125e+00
2.814164e+09	3.226750e+00
2.814334e+09	3.224984e+00
2.814505e+09	3.222501e+00
2.814675e+09	3.220747e+00
2.814845e+09	3.221618e+00
2.815015e+09	3.223242e+00
2.815185e+09	3.225376e+00
2.815355e+09	3.228457e+00
2.815526e+09	3.230613e+00
2.815696e+09	3.232969e+00
2.815866e+09	3.234693e+00
2.816036e+09	3.235642e+00
2.816206e+09	3.236704e+00
2.816376e+09	3.237459e+00
2.816547e+09	3.238096e+00
2.816717e+09	3.237605e+00
2.816887e+09	3.237661e+00
2.817057e+09	3.238175e+00
2.817227e+09	3.238132e+00
2.817397e+09	3.238551e+00
2.817568e+09	3.238470e+00
2.817738e+09	3.239441e+00
2.817908e+09	3.239853e+00
2.818078e+09	3.240583e+00
2.818248e+09	3.239929e+00
2.818418e+09	3.240576e+00
2.818589e+09	3.240275e+00
2.818759e+09	3.241403e+00
2.818929e+09	3.240697e+00
2.819099e+09	3.240817e+00
2.819269e+09	3.241314e+00
2.819439e+09	3.241046e+00
2.819610e+09	3.241310e+00
2.819780e+09	3.241261e+00
2.819950e+09	3.241519e+00
2.820120e+09	3.241504e+00
2.820290e+09	3.241818e+00
2.820460e+09	3.241095e+00
2.820631e+09	3.241724e+00
2.820801e+09	3.241814e+00
2.820971e+09	3.241690e+00
2.821141e+09	3.241320e+00
2.821311e+09	3.240786e+00
2.821481e+09	3.240754e+00
2.821652e+09	3.240365e+00
2.821822e+09	3.240558e+00
2.821992e+09	3.240362e+00
2.822162e+09	3.240259e+00
2.822332e+09	3.240572e+00
2.822503e+09	3.241264e+00
2.822673e+09	3.240844e+00
2.822843e+09	3.241633e+00
2.823013e+09	3.241434e+00
2.823183e+09	3.241065e+00
2.823353e+09	3.240468e+00
2.823524e+09	3.239567e+00
2.823694e+09	3.239528e+00
2.823864e+09	3.239629e+00
2.824034e+09	3.240516e+00
2.824204e+09	3.240182e+00
2.824374e+09	3.240383e+00
2.824545e+09	3.240192e+00
2.824715e+09	3.240075e+00
2.824885e+09	3.240128e+00
2.825055e+09	3.239776e+00
2.825225e+09	3.239947e+00
2.825395e+09	3.239691e+00
2.825566e+09	3.239542e+00
2.825736e+09	3.239017e+00
2.825906e+09	3.238084e+00
2.826076e+09	3.238020e+00
2.826246e+09	3.238364e+00
2.826416e+09	3.237425e+00
2.826587e+09	3.237197e+00
2.826757e+09	3.236333e+00
2.826927e+09	3.235908e+00
2.827097e+09	3.234777e+00
2.827267e+09	3.233605e+00
2.827437e+09	3.232436e+00
2.827608e+09	3.230560e+00
2.827778e+09	3.228898e+00
2.827948e+09	3.226013e+00
2.828118e+09	3.223809e+00
2.828288e+09	3.221670e+00
2.828458e+09	3.219485e+00
2.828629e+09	3.218780e+00
2.828799e+09	3.220378e+00
2.828969e+09	3.221781e+00
2.829139e+09	3.224170e+00
2.829309e+09	3.225915e+00
2.829479e+09	3.226099e+00
2.829650e+09	3.226473e+00
2.829820e+09	3.225998e+00
2.829990e+09	3.224818e+00
2.830160e+09	3.222300e+00
2.830330e+09	3.220385e+00
2.830501e+09	3.217710e+00
2.830671e+09	3.216764e+00
2.830841e+09	3.217589e+00
2.831011e+09	3.219583e+00
2.831181e+09	3.222080e+00
2.831351e+09	3.224126e+00
2.831522e+09	3.226474e+00
2.831692e+09	3.227043e+00
2.831862e+09	3.227284e+00
2.832032e+09	3.226078e+00
2.832202e+09	3.225463e+00
2.832372e+09	3.223163e+00
2.832543e+09	3.221041e+00
2.832713e+09	3.219515e+00
2.832883e+09	3.219260e+00
2.833053e+09	3.220489e+00
2.833223e+09	3.222743e+00
2.833393e+09	3.225636e+00
2.833564e+09	3.228706e+00
2.833734e+09	3.231069e+00
2.833904e+09	3.232913e+00
2.834074e+09	3.234610e+00
2.834244e+09	3.235456e+00
2.834414e+09	3.236230e+00
2.834585e+09	3.236595e+00
2.834755e+09	3.237057e+00
2.834925e+09	3.236989e+00
2.835095e+09	3.237217e+00
2.835265e+09	3.237534e+00
2.835435e+09	3.237166e+00
2.835606e+09	3.237295e+00
2.835776e+09	3.237454e+00
2.835946e+09	3.238835e+00
2.836116e+09	3.238728e+00
2.836286e+09	3.239404e+00
2.836456e+09	3.239613e+00
2.836627e+09	3.239855e+00
2.836797e+09	3.240175e+00
2.836967e+09	3.240224e+00
2.837137e+09	3.239849e+00
2.837307e+09	3.240170e+00
2.837477e+09	3.240492e+00
2.837648e+09	3.240483e+00
2.837818e+09	3.240305e+00
2.837988e+09	3.240388e+00
2.838158e+09	3.240450e+00
2.838328e+09	3.240529e+00
2.838498e+09	3.240221e+00
2.838669e+09	3.240336e+00
2.838839e+09	3.240460e+00
2.839009e+09	3.240317e+00
2.839179e+09	3.240030e+00
2.839349e+09	3.239946e+00
2.839520e+09	3.239416e+00
2.839690e+09	3.239472e+00
2.839860e+09	3.238988e+00
2.840030e+09	3.239607e+00
2.840200e+09	3.239410e+00
2.840370e+09	3.239599e+00
2.840541e+09	3.239864e+00
2.840711e+09	3.239696e+00
2.840881e+09	3.240111e+00
2.841051e+09	3.239947e+00
2.841221e+09	3.239877e+00
2.841391e+09	3.239579e+00
2.841562e+09	3.240089e+00
2.841732e+09	3.239702e+00
2.841902e+09	3.238878e+00
2.842072e+09	3.238300e+00
2.842242e+09	3.237914e+00
2.842412e+09	3.237499e+00
2.842583e+09	3.237163e+00
2.842753e+09	3.236776e+00
2.842923e+09	3.236058e+00
2.843093e+09	3.235562e+00
2.843263e+09	3.234727e+00
2.843433e+09	3.233554e+00
2.843604e+09	3.231521e+00
2.843774e+09	3.228990e+00
2.843944e+09	3.226609e+00
2.844114e+09	3.223335e+00
2.844284e+09	3.221574e+00
2.844454e+09	3.218397e+00
2.844625e+09	3.217590e+00
2.844795e+09	3.219096e+00
2.844965e+09	3.221764e+00
2.845135e+09	3.223904e+00
2.845305e+09	3.225696e+00
2.845475e+09	3.226856e+00
2.845646e+09	3.227180e+00
2.845816e+09	3.226540e+00
2.845986e+09	3.225170e+00
2.846156e+09	3.223270e+00
2.846326e+09	3.220701e+00
2.846496e+09	3.218350e+00
2.846667e+09	3.216542e+00
2.846837e+09	3.216970e+00
2.847007e+09	3.219053e+00
2.847177e+09	3.221992e+00
2.847347e+09	3.223984e+00
2.847518e+09	3.225882e+00
2.847688e+09	3.226995e+00
2.847858e+09	3.227540e+00
2.848028e+09	3.227477e+00
2.848198e+09	3.225930e+00
2.848368e+09	3.223926e+00
2.848539e+09	3.221565e+00
2.848709e+09	3.219516e+00
2.848879e+09	3.218565e+00
2.849049e+09	3.220057e+00
2.849219e+09	3.222328e+00
2.849389e+09	3.225514e+00
2.849560e+09	3.228559e+00
2.849730e+09	3.230419e+00
2.849900e+09	3.232846e+00
2.850070e+09	3.234174e+00
2.850240e+09	3.235714e+00
2.850410e+09	3.236248e+00
2.850581e+09	3.237330e+00
2.850751e+09	3.237139e+00
2.850921e+09	3.237597e+00
2.851091e+09	3.237129e+00
2.851261e+09	3.237229e+00
2.851431e+09	3.236967e+00
2.851602e+09	3.236597e+00
2.851772e+09	3.237084e+00
2.851942e+09	3.238112e+00
2.852112e+09	3.238977e+00
2.852282e+09	3.239613e+00
2.852452e+09	3.239835e+00
2.852623e+09	3.240312e+00
2.852793e+09	3.240865e+00
2.852963e+09	3.240698e+00
2.853133e+09	3.240784e+00
2.853303e+09	3.241222e+00
2.853473e+09	3.240569e+00
2.853644e+09	3.240396e+00
2.853814e+09	3.240479e+00
2.853984e+09	3.240867e+00
2.854154e+09	3.240515e+00
2.854324e+09	3.241022e+00
2.854494e+09	3.240800e+00
2.854665e+09	3.241366e+00
2.854835e+09	3.240321e+00
2.855005e+09	3.240613e+00
2.855175e+09	3.240568e+00
2.855345e+09	3.240399e+00
2.855516e+09	3.240367e+00
2.855686e+09	3.239983e+00
2.855856e+09	3.240066e+00
2.856026e+09	3.240263e+00
2.856196e+09	3.240727e+00
2.856366e+09	3.240124e+00
2.856537e+09	3.240267e+00
2.856707e+09	3.240435e+00
2.856877e+09	3.239656e+00
2.857047e+09	3.239563e+00
2.857217e+09	3.239441e+00
2.857387e+09	3.239259e+00
2.857558e+09	3.240062e+00
2.857728e+09	3.239927e+00
2.857898e+09	3.239882e+00
2.858068e+09	3.240298e+00
2.858238e+09	3.239641e+00
2.858408e+09	3.239652e+00
2.858579e+09	3.239166e+00
2.858749e+09	3.239133e+00
2.858919e+09	3.238918e+00
2.859089e+09	3.238603e+00
2.859259e+09	3.238916e+00
2.859429e+09	3.238473e+00
2.859600e+09	3.238233e+00
2.859770e+09	3.237720e+00
2.859940e+09	3.236929e+00
2.860110e+09	3.236309e+00
2.860280e+09	3.235309e+00
2.860450e+09	3.234418e+00
2.860621e+09	3.233661e+00
2.860791e+09	3.232609e+00
2.860961e+09	3.230889e+00
2.861131e+09	3.228814e+00
2.861301e+09	3.226837e+00
2.861471e+09	3.224434e+00
2.861642e+09	3.221360e+00
2.861812e+09	3.219164e+00
2.861982e+09	3.217808e+00
2.862152e+09	3.218134e+00
2.862322e+09	3.219935e+00
2.862492e+09	3.222438e+00
2.862663e+09	3.224166e+00
2.862833e+09	3.225562e+00
2.863003e+09	3.226671e+00
2.863173e+09	3.225871e+00
2.863343e+09	3.225350e+00
2.863514e+09	3.223124e+00
2.863684e+09	3.221127e+00
2.863854e+09	3.218435e+00
2.864024e+09	3.216788e+00
2.864194e+09	3.216008e+00
2.864364e+09	3.218337e+00
2.864535e+09	3.220931e+00
2.864705e+09	3.223275e+00
2.864875e+09	3.224990e+00
2.865045e+09	3.226493e+00
2.865215e+09	3.227215e+00
2.865385e+09	3.226437e+00
2.865556e+09	3.225890e+00
2.865726e+09	3.224097e+00
2.865896e+09	3.222158e+00
2.866066e+09	3.220221e+00
2.866236e+09	3.219690e+00
2.866406e+09	3.220549e+00
2.866577e+09	3.223342e+00
2.866747e+09	3.226270e+00
2.866917e+09	3.229081e+00
2.867087e+09	3.231722e+00
2.867257e+09	3.233107e+00
2.867427e+09	3.234707e+00
2.867598e+09	3.234983e+00
2.867768e+09	3.236232e+00
2.867938e+09	3.236648e+00
2.868108e+09	3.237435e+00
2.868278e+09	3.237882e+00
2.868448e+09	3.238074e+00
2.868619e+09	3.238111e+00
2.868789e+09	3.237989e+00
2.868959e+09	3.237305e+00
2.869129e+09	3.237091e+00
2.869299e+09	3.237951e+00
2.869469e+09	3.238398e+00
2.869640e+09	3.239437e+00
2.869810e+09	3.239467e+00
2.869980e+09	3.239871e+00
2.870150e+09	3.240253e+00
2.870320e+09	3.240280e+00
2.870490e+09	3.240842e+00
2.870661e+09	3.240845e+00
2.870831e+09	3.240948e+00
2.871001e+09	3.241072e+00
2.871171e+09	3.240751e+00
2.871341e+09	3.241045e+00
2.871512e+09	3.241232e+00
2.871682e+09	3.241135e+00
2.871852e+09	3.242011e+00
2.872022e+09	3.242157e+00
2.872192e+09	3.242112e+00
2.872362e+09	3.242380e+00
2.872533e+09	3.242828e+00
2.872703e+09	3.242463e+00
2.872873e+09	3.241918e+00
2.873043e+09	3.241997e+00
2.873213e+09	3.241592e+00
2.873383e+09	3.241248e+00
2.873554e+09	3.240462e+00
2.873724e+09	3.240809e+00
2.873894e+09	3.240799e+00
2.874064e+09	3.241160e+00
2.874234e+09	3.241499e+00
2.874404e+09	3.241134e+00
2.874575e+09	3.241341e+00
2.874745e+09	3.241222e+00
2.874915e+09	3.241112e+00
2.875085e+09	3.240696e+00
2.875255e+09	3.240991e+00
2.875425e+09	3.240646e+00
2.875596e+09	3.240745e+00
2.875766e+09	3.240235e+00
2.875936e+09	3.240513e+00
2.876106e+09	3.239459e+00
2.876276e+09	3.239501e+00
2.876446e+09	3.239123e+00
2.876617e+09	3.238622e+00
2.876787e+09	3.238360e+00
2.876957e+09	3.237839e+00
2.877127e+09	3.237282e+00
2.877297e+09	3.235992e+00
2.877467e+09	3.234924e+00
2.877638e+09	3.232890e+00
2.877808e+09	3.231150e+00
2.877978e+09	3.228887e+00
2.878148e+09	3.225540e+00
2.878318e+09	3.222610e+00
2.878488e+09	3.221263e+00
2.878659e+09	3.222224e+00
2.878829e+09	3.223232e+00
2.878999e+09	3.225861e+00
2.879169e+09	3.227610e+00
2.879339e+09	3.229160e+00
2.879510e+09	3.229519e+00
2.879680e+09	3.229110e+00
2.879850e+09	3.228542e+00
2.880020e+09	3.226886e+00
2.880190e+09	3.224416e+00
2.880360e+09	3.221019e+00
2.880531e+09	3.219011e+00
2.880701e+09	3.218824e+00
2.880871e+09	3.220751e+00
2.881041e+09	3.223249e+00
2.881211e+09	3.225779e+00
2.881381e+09	3.227584e+00
2.881552e+09	3.228990e+00
2.881722e+09	3.229544e+00
2.881892e+09	3.229018e+00
2.882062e+09	3.228018e+00
2.882232e+09	3.225489e+00
2.882402e+09	3.223580e+00
2.882573e+09	3.220764e+00
2.882743e+09	3.219623e+00
2.882913e+09	3.220821e+00
2.883083e+09	3.222974e+00
2.883253e+09	3.225952e+00
2.883423e+09	3.228512e+00
2.883594e+09	3.230986e+00
2.883764e+09	3.233063e+00
2.883934e+09	3.234630e+00
2.884104e+09	3.235364e+00
2.884274e+09	3.236728e+00
2.884444e+09	3.236737e+00
2.884615e+09	3.237701e+00
2.884785e+09	3.237262e+00
2.884955e+09	3.237691e+00
2.885125e+09	3.237767e+00
2.885295e+09	3.237560e+00
2.885465e+09	3.237267e+00
2.885636e+09	3.237115e+00
2.885806e+09	3.238338e+00
2.885976e+09	3.238943e+00
2.886146e+09	3.239645e+00
2.886316e+09	3.239905e+00
2.886486e+09	3.240643e+00
2.886657e+09	3.240721e+00
2.886827e+09	3.240987e+00
2.886997e+09	3.240663e+00
2.887167e+09	3.240781e+00
2.887337e+09	3.241173e+00
2.887508e+09	3.240508e+00
2.887678e+09	3.241330e+00
2.887848e+09	3.240570e+00
2.888018e+09	3.241593e+00
2.888188e+09	3.241388e+00
2.888358e+09	3.241591e+00
2.888529e+09	3.241159e+00
2.888699e+09	3.241475e+00
2.888869e+09	3.241239e+00
2.889039e+09	3.241225e+00
2.889209e+09	3.241308e+00
2.889379e+09	3.240907e+00
2.889550e+09	3.241731e+00
2.889720e+09	3.241189e+00
2.889890e+09	3.240924e+00
2.890060e+09	3.240427e+00
2.890230e+09	3.240542e+00
2.890400e+09	3.240419e+00
2.890571e+09	3.240684e+00
2.890741e+09	3.241010e+00
2.890911e+09	3.240761e+00
2.891081e+09	3.241199e+00
2.891251e+09	3.241345e+00
2.891421e+09	3.241631e+00
2.891592e+09	3.240766e+00
2.891762e+09	3.241468e+00
2.891932e+09	3.240884e+00
2.892102e+09	3.240860e+00
2.892272e+09	3.241066e+00
2.892442e+09	3.240762e+00
2.892613e+09	3.240908e+00
2.892783e+09	3.240291e+00
2.892953e+09	3.239903e+00
2.893123e+09	3.239228e+00
2.893293e+09	3.239522e+00
2.893463e+09	3.238525e+00
2.893634e+09	3.238978e+00
2.893804e+09	3.237778e+00
2.893974e+09	3.237842e+00
2.894144e+09	3.236969e+00
2.894314e+09	3.235172e+00
2.894484e+09	3.233437e+00
2.894655e+09	3.230730e+00
2.894825e+09	3.228382e+00
2.894995e+09	3.225047e+00
2.895165e+09	3.222665e+00
2.895335e+09	3.221438e+00
2.895506e+09	3.223271e+00
2.895676e+09	3.225007e+00
2.895846e+09	3.227895e+00
2.896016e+09	3.229657e+00
2.896186e+09	3.230786e+00
2.896356e+09	3.231597e+00
2.896527e+09	3.231086e+00
2.896697e+09	3.230275e+00
2.896867e+09	3.228011e+00
2.897037e+09	3.226064e+00
2.897207e+09	3.223434e+00
2.897377e+09	3.221448e+00
2.897548e+09	3.221108e+00
2.897718e+09	3.223674e+00
2.897888e+09	3.226836e+00
2.898058e+09	3.229093e+00
2.898228e+09	3.230950e+00
2.898398e+09	3.231212e+00
2.898569e+09	3.232123e+00
2.898739e+09	3.231361e+00
2.898909e+09	3.230965e+00
2.899079e+09	3.228809e+00
2.899249e+09	3.226762e+00
2.899419e+09	3.223769e+00
2.899590e+09	3.222761e+00
2.899760e+09	3.223819e+00
2.899930e+09	3.226114e+00
2.900100e+09	3.229458e+00
2.900270e+09	3.231776e+00
2.900440e+09	3.234338e+00
2.900611e+09	3.235499e+00
2.900781e+09	3.237385e+00
2.900951e+09	3.237628e+00
2.901121e+09	3.238627e+00
2.901291e+09	3.238981e+00
2.901461e+09	3.239543e+00
2.901632e+09	3.239667e+00
2.901802e+09	3.239288e+00
2.901972e+09	3.239229e+00
2.902142e+09	3.238925e+00
2.902312e+09	3.238805e+00
2.902482e+09	3.238898e+00
2.902653e+09	3.240152e+00
2.902823e+09	3.239872e+00
2.902993e+09	3.240865e+00
2.903163e+09	3.240768e+00
2.903333e+09	3.240972e+00
2.903504e+09	3.241251e+00
2.903674e+09	3.241142e+00
2.903844e+09	3.241181e+00
2.904014e+09	3.241232e+00
2.904184e+09	3.241165e+00
2.904354e+09	3.240974e+00
2.904525e+09	3.241756e+00
2.904695e+09	3.241551e+00
2.904865e+09	3.242012e+00
2.905035e+09	3.241243e+00
2.905205e+09	3.241769e+00
2.905375e+09	3.241601e+00
2.905546e+09	3.241151e+00
2.905716e+09	3.241546e+00
2.905886e+09	3.241353e+00
2.906056e+09	3.241424e+00
2.906226e+09	3.240796e+00
2.906396e+09	3.241430e+00
2.906567e+09	3.240828e+00
2.906737e+09	3.241700e+00
2.906907e+09	3.241169e+00
2.907077e+09	3.241937e+00
2.907247e+09	3.241576e+00
2.907417e+09	3.241228e+00
2.907588e+09	3.241077e+00
2.907758e+09	3.240618e+00
2.907928e+09	3.240490e+00
2.908098e+09	3.240151e+00
2.908268e+09	3.240265e+00
2.908438e+09	3.239707e+00
2.908609e+09	3.239827e+00
2.908779e+09	3.239022e+00
2.908949e+09	3.238913e+00
2.909119e+09	3.237783e+00
2.909289e+09	3.236895e+00
2.909459e+09	3.235206e+00
2.909630e+09	3.233093e+00
2.909800e+09	3.230595e+00
2.909970e+09	3.227878e+00
2.910140e+09	3.224887e+00
2.910310e+09	3.223843e+00
2.910480e+09	3.225565e+00
2.910651e+09	3.227401e+00
2.910821e+09	3.230575e+00
2.910991e+09	3.231482e+00
2.911161e+09	3.232945e+00
2.911331e+09	3.233501e+00
2.911502e+09	3.233017e+00
2.911672e+09	3.231889e+00
2.911842e+09	3.230311e+00
2.912012e+09	3.228344e+00
2.912182e+09	3.225118e+00
2.912352e+09	3.223414e+00
2.912523e+09	3.222934e+00
2.912693e+09	3.225234e+00
2.912863e+09	3.227878e+00
2.913033e+09	3.230197e+00
2.913203e+09	3.231351e+00
2.913373e+09	3.232719e+00
2.913544e+09	3.233073e+00
2.913714e+09	3.232511e+00
2.913884e+09	3.231534e+00
2.914054e+09	3.229705e+00
2.914224e+09	3.227766e+00
2.914394e+09	3.225023e+00
2.914565e+09	3.223839e+00
2.914735e+09	3.224378e+00
2.914905e+09	3.226545e+00
2.915075e+09	3.229249e+00
2.915245e+09	3.232174e+00
2.915415e+09	3.234070e+00
2.915586e+09	3.235338e+00
2.915756e+09	3.237445e+00
2.915926e+09	3.238013e+00
2.916096e+09	3.239121e+00
2.916266e+09	3.239055e+00
2.916436e+09	3.239247e+00
2.916607e+09	3.239027e+00
2.916777e+09	3.239408e+00
2.916947e+09	3.239296e+00
2.917117e+09	3.238926e+00
2.917287e+09	3.239090e+00
2.917457e+09	3.239529e+00
2.917628e+09	3.240286e+00
2.917798e+09	3.240415e+00
2.917968e+09	3.240982e+00
2.918138e+09	3.241324e+00
2.918308e+09	3.241749e+00
2.918478e+09	3.241703e+00
2.918649e+09	3.241431e+00
2.918819e+09	3.241679e+00
2.918989e+09	3.241852e+00
2.919159e+09	3.241450e+00
2.919329e+09	3.241497e+00
2.919499e+09	3.241797e+00
2.919670e+09	3.241755e+00
2.919840e+09	3.241724e+00
2.920010e+09	3.241913e+00
2.920180e+09	3.242204e+00
2.920350e+09	3.242286e+00
2.920521e+09	3.242434e+00
2.920691e+09	3.242286e+00
2.920861e+09	3.242111e+00
2.921031e+09	3.242090e+00
2.921201e+09	3.241934e+00
2.921371e+09	3.241534e+00
2.921542e+09	3.241464e+00
2.921712e+09	3.241604e+00
2.921882e+09	3.241619e+00
2.922052e+09	3.241570e+00
2.922222e+09	3.241573e+00
2.922392e+09	3.241664e+00
2.922563e+09	3.242406e+00
2.922733e+09	3.241959e+00
2.922903e+09	3.241775e+00
2.923073e+09	3.241948e+00
2.923243e+09	3.242316e+00
2.923413e+09	3.242144e+00
2.923584e+09	3.241942e+00
2.923754e+09	3.241980e+00
2.923924e+09	3.241829e+00
2.924094e+09	3.241050e+00
2.924264e+09	3.240422e+00
2.924434e+09	3.240251e+00
2.924605e+09	3.239420e+00
2.924775e+09	3.240189e+00
2.924945e+09	3.239952e+00
2.925115e+09	3.239707e+00
2.925285e+09	3.238774e+00
2.925455e+09	3.238363e+00
2.925626e+09	3.237192e+00
2.925796e+09	3.235684e+00
2.925966e+09	3.233554e+00
2.926136e+09	3.230958e+00
2.926306e+09	3.228673e+00
2.926476e+09	3.226170e+00
2.926647e+09	3.225609e+00
2.926817e+09	3.228014e+00
2.926987e+09	3.230366e+00
2.927157e+09	3.232374e+00
2.927327e+09	3.233978e+00
2.927497e+09	3.234439e+00
2.927668e+09	3.234706e+00
2.927838e+09	3.234236e+00
2.928008e+09	3.233324e+00
2.928178e+09	3.231357e+00
2.928348e+09	3.228889e+00
2.928519e+09	3.226779e+00
2.928689e+09	3.225472e+00
2.928859e+09	3.226009e+00
2.929029e+09	3.228343e+00
2.929199e+09	3.231099e+00
2.929369e+09	3.232786e+00
2.929540e+09	3.234794e+00
2.929710e+09	3.235190e+00
2.929880e+09	3.235364e+00
2.930050e+09	3.234853e+00
2.930220e+09	3.234283e+00
2.930390e+09	3.231989e+00
2.930561e+09	3.230006e+00
2.930731e+09	3.227829e+00
2.930901e+09	3.227029e+00
2.931071e+09	3.228343e+00
2.931241e+09	3.230811e+00
2.931411e+09	3.233720e+00
2.931582e+09	3.235427e+00
2.931752e+09	3.237674e+00
2.931922e+09	3.238721e+00
2.932092e+09	3.239353e+00
2.932262e+09	3.240578e+00
2.932432e+09	3.241067e+00
2.932603e+09	3.241049e+00
2.932773e+09	3.241188e+00
2.932943e+09	3.241237e+00
2.933113e+09	3.241066e+00
2.933283e+09	3.241080e+00
2.933453e+09	3.241165e+00
2.933624e+09	3.240934e+00
2.933794e+09	3.241380e+00
2.933964e+09	3.242152e+00
2.934134e+09	3.242221e+00
2.934304e+09	3.242422e+00
2.934474e+09	3.242976e+00
2.934645e+09	3.242905e+00
2.934815e+09	3.242867e+00
2.934985e+09	3.243194e+00
2.935155e+09	3.243102e+00
2.935325e+09	3.243116e+00
2.935495e+09	3.242865e+00
2.935666e+09	3.243026e+00
2.935836e+09	3.243019e+00
2.936006e+09	3.243698e+00
2.936176e+09	3.244118e+00
2.936346e+09	3.243189e+00
2.936517e+09	3.243529e+00
2.936687e+09	3.243921e+00
2.936857e+09	3.243741e+00
2.937027e+09	3.243469e+00
2.937197e+09	3.243406e+00
2.937367e+09	3.243422e+00
2.937538e+09	3.243716e+00
2.937708e+09	3.243687e+00
2.937878e+09	3.243551e+00
2.938048e+09	3.243749e+00
2.938218e+09	3.243907e+00
2.938388e+09	3.243925e+00
2.938559e+09	3.243893e+00
2.938729e+09	3.244162e+00
2.938899e+09	3.243908e+00
2.939069e+09	3.244081e+00
2.939239e+09	3.243795e+00
2.939409e+09	3.243776e+00
2.939580e+09	3.244350e+00
2.939750e+09	3.244261e+00
2.939920e+09	3.244882e+00
2.940090e+09	3.243990e+00
2.940260e+09	3.244373e+00
2.940430e+09	3.244495e+00
2.940601e+09	3.244102e+00
2.940771e+09	3.244426e+00
2.940941e+09	3.244407e+00
2.941111e+09	3.244207e+00
2.941281e+09	3.244668e+00
2.941451e+09	3.245101e+00
2.941622e+09	3.244130e+00
2.941792e+09	3.244899e+00
2.941962e+09	3.245006e+00
2.942132e+09	3.244953e+00
2.942302e+09	3.244240e+00
2.942472e+09	3.244370e+00
2.942643e+09	3.244089e+00
2.942813e+09	3.244348e+00
2.942983e+09	3.244232e+00
2.943153e+09	3.243893e+00
2.943323e+09	3.244210e+00
2.943493e+09	3.244669e+00
2.943664e+09	3.244752e+00
2.943834e+09	3.244390e+00
2.944004e+09	3.244602e+00
2.944174e+09	3.244719e+00
2.944344e+09	3.244624e+00
2.944515e+09	3.244171e+00
2.944685e+09	3.244485e+00
2.944855e+09	3.243987e+00
2.945025e+09	3.244418e+00
2.945195e+09	3.244865e+00
2.945365e+09	3.244049e+00
2.945536e+09	3.244644e+00
2.945706e+09	3.244658e+00
2.945876e+09	3.244811e+00
2.946046e+09	3.244364e+00
2.946216e+09	3.244537e+00
2.946386e+09	3.244273e+00
2.946557e+09	3.244859e+00
2.946727e+09	3.244147e+00
2.946897e+09	3.244197e+00
2.947067e+09	3.244319e+00
2.947237e+09	3.244722e+00
2.947407e+09	3.244695e+00
2.947578e+09	3.244605e+00
2.947748e+09	3.244547e+00
2.947918e+09	3.244328e+00
2.948088e+09	3.244351e+00
2.948258e+09	3.244021e+00
2.948428e+09	3.244626e+00
2.948599e+09	3.244326e+00
2.948769e+09	3.244964e+00
2.948939e+09	3.244316e+00
2.949109e+09	3.244270e+00
2.949279e+09	3.244477e+00
2.949449e+09	3.244939e+00
2.949620e+09	3.244569e+00
2.949790e+09	3.244561e+00
2.949960e+09	3.244461e+00
2.950130e+09	3.244637e+00
2.950300e+09	3.244530e+00
2.950470e+09	3.244233e+00
2.950641e+09	3.244077e+00
2.950811e+09	3.244169e+00
2.950981e+09	3.244698e+00
2.951151e+09	3.244697e+00
2.951321e+09	3.244276e+00
2.951491e+09	3.244764e+00
2.951662e+09	3.244425e+00
2.951832e+09	3.244588e+00
2.952002e+09	3.244275e+00
2.952172e+09	3.244361e+00
2.952342e+09	3.244393e+00
2.952513e+09	3.244526e+00
2.952683e+09	3.244802e+00
2.952853e+09	3.244824e+00
2.953023e+09	3.244740e+00
2.953193e+09	3.244799e+00
2.953363e+09	3.244652e+00
2.953534e+09	3.244246e+00
2.953704e+09	3.244030e+00
2.953874e+09	3.244289e+00
2.954044e+09	3.244438e+00
2.954214e+09	3.244419e+00
2.954384e+09	3.244329e+00
2.954555e+09	3.244453e+00
2.954725e+09	3.244789e+00
2.954895e+09	3.245031e+00
2.955065e+09	3.244669e+00
2.955235e+09	3.244784e+00
2.955405e+09	3.244901e+00
2.955576e+09	3.244460e+00
2.955746e+09	3.244199e+00
2.955916e+09	3.244539e+00
2.956086e+09	3.244240e+00
2.956256e+09	3.244530e+00
2.956426e+09	3.244726e+00
2.956597e+09	3.244302e+00
2.956767e+09	3.244803e+00
2.956937e+09	3.244690e+00
2.957107e+09	3.244550e+00
2.957277e+09	3.244452e+00
2.957447e+09	3.244630e+00
2.957618e+09	3.244469e+00
2.957788e+09	3.245096e+00
2.957958e+09	3.244755e+00
2.958128e+09	3.244366e+00
2.958298e+09	3.244602e+00
2.958468e+09	3.244625e+00
2.958639e+09	3.244540e+00
2.958809e+09	3.244613e+00
2.958979e+09	3.244656e+00
2.959149e+09	3.244705e+00
2.959319e+09	3.244448e+00
2.959489e+09	3.244436e+00
2.959660e+09	3.244283e+00
2.959830e+09	3.244261e+00
2.960000e+09	3.244589e+00
