#Saved Data from the class wainteach_gui on 29.10.2025 at 11h41m34s.
#
#Parameters:
#===========
#
#laser setpoint (mW): 2.6600000000000001e+01
#MW limits (Hz): [2790000000.0, 2960000000.0]
#Acquisition (sample): 1000
#Average (acquisition): 10
#MW power (dBm): 6.0000000000000000e+00
#Field enabling: True
#coils currents [x, y, z] (A): [1.062699, 0.527983, 1.34]
#coils fields [bx, by, bz] (T): [0.001, 0.0005, 0.00201]
#coils fields [norm, theta, phi] (T, °, °): [0.0023, 29.1, 26.6]
#
#Data:
#=====
#frequency	voltage	
2.790000e+09	3.314969e+00
2.790170e+09	3.315677e+00
2.790340e+09	3.315458e+00
2.790511e+09	3.315499e+00
2.790681e+09	3.315172e+00
2.790851e+09	3.314961e+00
2.791021e+09	3.315340e+00
2.791191e+09	3.315589e+00
2.791361e+09	3.315945e+00
2.791532e+09	3.315462e+00
2.791702e+09	3.315547e+00
2.791872e+09	3.315509e+00
2.792042e+09	3.315484e+00
2.792212e+09	3.315252e+00
2.792382e+09	3.315095e+00
2.792553e+09	3.315393e+00
2.792723e+09	3.315191e+00
2.792893e+09	3.315345e+00
2.793063e+09	3.314754e+00
2.793233e+09	3.315311e+00
2.793403e+09	3.315475e+00
2.793574e+09	3.315746e+00
2.793744e+09	3.315448e+00
2.793914e+09	3.315525e+00
2.794084e+09	3.315917e+00
2.794254e+09	3.315443e+00
2.794424e+09	3.315513e+00
2.794595e+09	3.315091e+00
2.794765e+09	3.315639e+00
2.794935e+09	3.315073e+00
2.795105e+09	3.315060e+00
2.795275e+09	3.314898e+00
2.795445e+09	3.315107e+00
2.795616e+09	3.315309e+00
2.795786e+09	3.315667e+00
2.795956e+09	3.315441e+00
2.796126e+09	3.315365e+00
2.796296e+09	3.315402e+00
2.796466e+09	3.314995e+00
2.796637e+09	3.314576e+00
2.796807e+09	3.314439e+00
2.796977e+09	3.315212e+00
2.797147e+09	3.315417e+00
2.797317e+09	3.315527e+00
2.797487e+09	3.315369e+00
2.797658e+09	3.314888e+00
2.797828e+09	3.315460e+00
2.797998e+09	3.315166e+00
2.798168e+09	3.315428e+00
2.798338e+09	3.315306e+00
2.798509e+09	3.315344e+00
2.798679e+09	3.315524e+00
2.798849e+09	3.315113e+00
2.799019e+09	3.315167e+00
2.799189e+09	3.315418e+00
2.799359e+09	3.315353e+00
2.799530e+09	3.315254e+00
2.799700e+09	3.315141e+00
2.799870e+09	3.314765e+00
2.800040e+09	3.314935e+00
2.800210e+09	3.315122e+00
2.800380e+09	3.315416e+00
2.800551e+09	3.315093e+00
2.800721e+09	3.315107e+00
2.800891e+09	3.315306e+00
2.801061e+09	3.314986e+00
2.801231e+09	3.315237e+00
2.801401e+09	3.314650e+00
2.801572e+09	3.315053e+00
2.801742e+09	3.315049e+00
2.801912e+09	3.314726e+00
2.802082e+09	3.314626e+00
2.802252e+09	3.314594e+00
2.802422e+09	3.315161e+00
2.802593e+09	3.315158e+00
2.802763e+09	3.315008e+00
2.802933e+09	3.315022e+00
2.803103e+09	3.315092e+00
2.803273e+09	3.314922e+00
2.803443e+09	3.314547e+00
2.803614e+09	3.315084e+00
2.803784e+09	3.315267e+00
2.803954e+09	3.315003e+00
2.804124e+09	3.314605e+00
2.804294e+09	3.314794e+00
2.804464e+09	3.313895e+00
2.804635e+09	3.314454e+00
2.804805e+09	3.314618e+00
2.804975e+09	3.314814e+00
2.805145e+09	3.314765e+00
2.805315e+09	3.315044e+00
2.805485e+09	3.314752e+00
2.805656e+09	3.314369e+00
2.805826e+09	3.313650e+00
2.805996e+09	3.313780e+00
2.806166e+09	3.313795e+00
2.806336e+09	3.313791e+00
2.806507e+09	3.313717e+00
2.806677e+09	3.313688e+00
2.806847e+09	3.313460e+00
2.807017e+09	3.313724e+00
2.807187e+09	3.314009e+00
2.807357e+09	3.313529e+00
2.807528e+09	3.312960e+00
2.807698e+09	3.313007e+00
2.807868e+09	3.312631e+00
2.808038e+09	3.312524e+00
2.808208e+09	3.312232e+00
2.808378e+09	3.312497e+00
2.808549e+09	3.312417e+00
2.808719e+09	3.312163e+00
2.808889e+09	3.312162e+00
2.809059e+09	3.312236e+00
2.809229e+09	3.312217e+00
2.809399e+09	3.311882e+00
2.809570e+09	3.312088e+00
2.809740e+09	3.311519e+00
2.809910e+09	3.310742e+00
2.810080e+09	3.310555e+00
2.810250e+09	3.310504e+00
2.810420e+09	3.309894e+00
2.810591e+09	3.309202e+00
2.810761e+09	3.309171e+00
2.810931e+09	3.308312e+00
2.811101e+09	3.307948e+00
2.811271e+09	3.306358e+00
2.811441e+09	3.305523e+00
2.811612e+09	3.304231e+00
2.811782e+09	3.302721e+00
2.811952e+09	3.300667e+00
2.812122e+09	3.298494e+00
2.812292e+09	3.296328e+00
2.812462e+09	3.294165e+00
2.812633e+09	3.293128e+00
2.812803e+09	3.294031e+00
2.812973e+09	3.295674e+00
2.813143e+09	3.297328e+00
2.813313e+09	3.299122e+00
2.813483e+09	3.299473e+00
2.813654e+09	3.299476e+00
2.813824e+09	3.299244e+00
2.813994e+09	3.298559e+00
2.814164e+09	3.296402e+00
2.814334e+09	3.294073e+00
2.814505e+09	3.291802e+00
2.814675e+09	3.290579e+00
2.814845e+09	3.290523e+00
2.815015e+09	3.292342e+00
2.815185e+09	3.294771e+00
2.815355e+09	3.296833e+00
2.815526e+09	3.298294e+00
2.815696e+09	3.299435e+00
2.815866e+09	3.299107e+00
2.816036e+09	3.299098e+00
2.816206e+09	3.298056e+00
2.816376e+09	3.296129e+00
2.816547e+09	3.294071e+00
2.816717e+09	3.292492e+00
2.816887e+09	3.292052e+00
2.817057e+09	3.293019e+00
2.817227e+09	3.295529e+00
2.817397e+09	3.298219e+00
2.817568e+09	3.300954e+00
2.817738e+09	3.302671e+00
2.817908e+09	3.304461e+00
2.818078e+09	3.305765e+00
2.818248e+09	3.306772e+00
2.818418e+09	3.307852e+00
2.818589e+09	3.308905e+00
2.818759e+09	3.309136e+00
2.818929e+09	3.309252e+00
2.819099e+09	3.309590e+00
2.819269e+09	3.309685e+00
2.819439e+09	3.309459e+00
2.819610e+09	3.309319e+00
2.819780e+09	3.310010e+00
2.819950e+09	3.310432e+00
2.820120e+09	3.310862e+00
2.820290e+09	3.310974e+00
2.820460e+09	3.311276e+00
2.820631e+09	3.312002e+00
2.820801e+09	3.312180e+00
2.820971e+09	3.312220e+00
2.821141e+09	3.312142e+00
2.821311e+09	3.312310e+00
2.821481e+09	3.312271e+00
2.821652e+09	3.312633e+00
2.821822e+09	3.312401e+00
2.821992e+09	3.312120e+00
2.822162e+09	3.312826e+00
2.822332e+09	3.312561e+00
2.822503e+09	3.312863e+00
2.822673e+09	3.312459e+00
2.822843e+09	3.312992e+00
2.823013e+09	3.312851e+00
2.823183e+09	3.312560e+00
2.823353e+09	3.312489e+00
2.823524e+09	3.311833e+00
2.823694e+09	3.311585e+00
2.823864e+09	3.311370e+00
2.824034e+09	3.311992e+00
2.824204e+09	3.311905e+00
2.824374e+09	3.312464e+00
2.824545e+09	3.311853e+00
2.824715e+09	3.312489e+00
2.824885e+09	3.312159e+00
2.825055e+09	3.311875e+00
2.825225e+09	3.312099e+00
2.825395e+09	3.311498e+00
2.825566e+09	3.311461e+00
2.825736e+09	3.311044e+00
2.825906e+09	3.311385e+00
2.826076e+09	3.311407e+00
2.826246e+09	3.311410e+00
2.826416e+09	3.311694e+00
2.826587e+09	3.311472e+00
2.826757e+09	3.311174e+00
2.826927e+09	3.311418e+00
2.827097e+09	3.311418e+00
2.827267e+09	3.310740e+00
2.827437e+09	3.310484e+00
2.827608e+09	3.310700e+00
2.827778e+09	3.310123e+00
2.827948e+09	3.309630e+00
2.828118e+09	3.309592e+00
2.828288e+09	3.308649e+00
2.828458e+09	3.308644e+00
2.828629e+09	3.307994e+00
2.828799e+09	3.307597e+00
2.828969e+09	3.306971e+00
2.829139e+09	3.306088e+00
2.829309e+09	3.305402e+00
2.829479e+09	3.303661e+00
2.829650e+09	3.301995e+00
2.829820e+09	3.300264e+00
2.829990e+09	3.297528e+00
2.830160e+09	3.295155e+00
2.830330e+09	3.292718e+00
2.830501e+09	3.290561e+00
2.830671e+09	3.289964e+00
2.830841e+09	3.291097e+00
2.831011e+09	3.292888e+00
2.831181e+09	3.294932e+00
2.831351e+09	3.296379e+00
2.831522e+09	3.297509e+00
2.831692e+09	3.297258e+00
2.831862e+09	3.296653e+00
2.832032e+09	3.295856e+00
2.832202e+09	3.293495e+00
2.832372e+09	3.291790e+00
2.832543e+09	3.289313e+00
2.832713e+09	3.288283e+00
2.832883e+09	3.288572e+00
2.833053e+09	3.290165e+00
2.833223e+09	3.292659e+00
2.833393e+09	3.294667e+00
2.833564e+09	3.296134e+00
2.833734e+09	3.297514e+00
2.833904e+09	3.297894e+00
2.834074e+09	3.297013e+00
2.834244e+09	3.295913e+00
2.834414e+09	3.294147e+00
2.834585e+09	3.291417e+00
2.834755e+09	3.289781e+00
2.834925e+09	3.289352e+00
2.835095e+09	3.290321e+00
2.835265e+09	3.292688e+00
2.835435e+09	3.295712e+00
2.835606e+09	3.297931e+00
2.835776e+09	3.300539e+00
2.835946e+09	3.302264e+00
2.836116e+09	3.303837e+00
2.836286e+09	3.304916e+00
2.836456e+09	3.306005e+00
2.836627e+09	3.306287e+00
2.836797e+09	3.305837e+00
2.836967e+09	3.305982e+00
2.837137e+09	3.305344e+00
2.837307e+09	3.305578e+00
2.837477e+09	3.305381e+00
2.837648e+09	3.305502e+00
2.837818e+09	3.306045e+00
2.837988e+09	3.306976e+00
2.838158e+09	3.307057e+00
2.838328e+09	3.308037e+00
2.838498e+09	3.308470e+00
2.838669e+09	3.308357e+00
2.838839e+09	3.308700e+00
2.839009e+09	3.308154e+00
2.839179e+09	3.308567e+00
2.839349e+09	3.308003e+00
2.839520e+09	3.307851e+00
2.839690e+09	3.307427e+00
2.839860e+09	3.307249e+00
2.840030e+09	3.306951e+00
2.840200e+09	3.306508e+00
2.840370e+09	3.306342e+00
2.840541e+09	3.305904e+00
2.840711e+09	3.305814e+00
2.840881e+09	3.304022e+00
2.841051e+09	3.303435e+00
2.841221e+09	3.301516e+00
2.841391e+09	3.299457e+00
2.841562e+09	3.296918e+00
2.841732e+09	3.294873e+00
2.841902e+09	3.291689e+00
2.842072e+09	3.288886e+00
2.842242e+09	3.288267e+00
2.842412e+09	3.288524e+00
2.842583e+09	3.290573e+00
2.842753e+09	3.292804e+00
2.842923e+09	3.295088e+00
2.843093e+09	3.296627e+00
2.843263e+09	3.296798e+00
2.843433e+09	3.297545e+00
2.843604e+09	3.296252e+00
2.843774e+09	3.294174e+00
2.843944e+09	3.292122e+00
2.844114e+09	3.289416e+00
2.844284e+09	3.287122e+00
2.844454e+09	3.287324e+00
2.844625e+09	3.288655e+00
2.844795e+09	3.290978e+00
2.844965e+09	3.293969e+00
2.845135e+09	3.296153e+00
2.845305e+09	3.297605e+00
2.845475e+09	3.297934e+00
2.845646e+09	3.297790e+00
2.845816e+09	3.296674e+00
2.845986e+09	3.294992e+00
2.846156e+09	3.292655e+00
2.846326e+09	3.290282e+00
2.846496e+09	3.288990e+00
2.846667e+09	3.289811e+00
2.846837e+09	3.292080e+00
2.847007e+09	3.295563e+00
2.847177e+09	3.298921e+00
2.847347e+09	3.301164e+00
2.847518e+09	3.303555e+00
2.847688e+09	3.304835e+00
2.847858e+09	3.305827e+00
2.848028e+09	3.306661e+00
2.848198e+09	3.307191e+00
2.848368e+09	3.307923e+00
2.848539e+09	3.308198e+00
2.848709e+09	3.308494e+00
2.848879e+09	3.308038e+00
2.849049e+09	3.308383e+00
2.849219e+09	3.308397e+00
2.849389e+09	3.307649e+00
2.849560e+09	3.308852e+00
2.849730e+09	3.309535e+00
2.849900e+09	3.309970e+00
2.850070e+09	3.310231e+00
2.850240e+09	3.311153e+00
2.850410e+09	3.311226e+00
2.850581e+09	3.311690e+00
2.850751e+09	3.312017e+00
2.850921e+09	3.311463e+00
2.851091e+09	3.311862e+00
2.851261e+09	3.311949e+00
2.851431e+09	3.311719e+00
2.851602e+09	3.311809e+00
2.851772e+09	3.312278e+00
2.851942e+09	3.312500e+00
2.852112e+09	3.312626e+00
2.852282e+09	3.312519e+00
2.852452e+09	3.312790e+00
2.852623e+09	3.311901e+00
2.852793e+09	3.312022e+00
2.852963e+09	3.311916e+00
2.853133e+09	3.311132e+00
2.853303e+09	3.311166e+00
2.853473e+09	3.311062e+00
2.853644e+09	3.311511e+00
2.853814e+09	3.312126e+00
2.853984e+09	3.312049e+00
2.854154e+09	3.312110e+00
2.854324e+09	3.312051e+00
2.854494e+09	3.311373e+00
2.854665e+09	3.310951e+00
2.854835e+09	3.310924e+00
2.855005e+09	3.310835e+00
2.855175e+09	3.311093e+00
2.855345e+09	3.310457e+00
2.855516e+09	3.311371e+00
2.855686e+09	3.310900e+00
2.855856e+09	3.311500e+00
2.856026e+09	3.311516e+00
2.856196e+09	3.310826e+00
2.856366e+09	3.310981e+00
2.856537e+09	3.310072e+00
2.856707e+09	3.310013e+00
2.856877e+09	3.309469e+00
2.857047e+09	3.309557e+00
2.857217e+09	3.309226e+00
2.857387e+09	3.308977e+00
2.857558e+09	3.308754e+00
2.857728e+09	3.307626e+00
2.857898e+09	3.307222e+00
2.858068e+09	3.306688e+00
2.858238e+09	3.306140e+00
2.858408e+09	3.305022e+00
2.858579e+09	3.303759e+00
2.858749e+09	3.301787e+00
2.858919e+09	3.299587e+00
2.859089e+09	3.296862e+00
2.859259e+09	3.294348e+00
2.859429e+09	3.291540e+00
2.859600e+09	3.288997e+00
2.859770e+09	3.288426e+00
2.859940e+09	3.289065e+00
2.860110e+09	3.292070e+00
2.860280e+09	3.294028e+00
2.860450e+09	3.295836e+00
2.860621e+09	3.297085e+00
2.860791e+09	3.297181e+00
2.860961e+09	3.296802e+00
2.861131e+09	3.295423e+00
2.861301e+09	3.293673e+00
2.861471e+09	3.290981e+00
2.861642e+09	3.289016e+00
2.861812e+09	3.287175e+00
2.861982e+09	3.287222e+00
2.862152e+09	3.289146e+00
2.862322e+09	3.291941e+00
2.862492e+09	3.294453e+00
2.862663e+09	3.296766e+00
2.862833e+09	3.297687e+00
2.863003e+09	3.297554e+00
2.863173e+09	3.297652e+00
2.863343e+09	3.296280e+00
2.863514e+09	3.294364e+00
2.863684e+09	3.292082e+00
2.863854e+09	3.290835e+00
2.864024e+09	3.290305e+00
2.864194e+09	3.291495e+00
2.864364e+09	3.294208e+00
2.864535e+09	3.296993e+00
2.864705e+09	3.300367e+00
2.864875e+09	3.302785e+00
2.865045e+09	3.304468e+00
2.865215e+09	3.305773e+00
2.865385e+09	3.307100e+00
2.865556e+09	3.307714e+00
2.865726e+09	3.308438e+00
2.865896e+09	3.308278e+00
2.866066e+09	3.308503e+00
2.866236e+09	3.309126e+00
2.866406e+09	3.308327e+00
2.866577e+09	3.308596e+00
2.866747e+09	3.307859e+00
2.866917e+09	3.308597e+00
2.867087e+09	3.309578e+00
2.867257e+09	3.310270e+00
2.867427e+09	3.310828e+00
2.867598e+09	3.311399e+00
2.867768e+09	3.312163e+00
2.867938e+09	3.311987e+00
2.868108e+09	3.312109e+00
2.868278e+09	3.312372e+00
2.868448e+09	3.312728e+00
2.868619e+09	3.312056e+00
2.868789e+09	3.312396e+00
2.868959e+09	3.312072e+00
2.869129e+09	3.312317e+00
2.869299e+09	3.312866e+00
2.869469e+09	3.313190e+00
2.869640e+09	3.313398e+00
2.869810e+09	3.313147e+00
2.869980e+09	3.313244e+00
2.870150e+09	3.313111e+00
2.870320e+09	3.313385e+00
2.870490e+09	3.313086e+00
2.870661e+09	3.313100e+00
2.870831e+09	3.312972e+00
2.871001e+09	3.313373e+00
2.871171e+09	3.313516e+00
2.871341e+09	3.313743e+00
2.871512e+09	3.313973e+00
2.871682e+09	3.314400e+00
2.871852e+09	3.314706e+00
2.872022e+09	3.314272e+00
2.872192e+09	3.314509e+00
2.872362e+09	3.314530e+00
2.872533e+09	3.314866e+00
2.872703e+09	3.314237e+00
2.872873e+09	3.314184e+00
2.873043e+09	3.314829e+00
2.873213e+09	3.314202e+00
2.873383e+09	3.314818e+00
2.873554e+09	3.314018e+00
2.873724e+09	3.314162e+00
2.873894e+09	3.313846e+00
2.874064e+09	3.313848e+00
2.874234e+09	3.313976e+00
2.874404e+09	3.313798e+00
2.874575e+09	3.314266e+00
2.874745e+09	3.313938e+00
2.874915e+09	3.313812e+00
2.875085e+09	3.313334e+00
2.875255e+09	3.313569e+00
2.875425e+09	3.312302e+00
2.875596e+09	3.312762e+00
2.875766e+09	3.312080e+00
2.875936e+09	3.312367e+00
2.876106e+09	3.312232e+00
2.876276e+09	3.312878e+00
2.876446e+09	3.312595e+00
2.876617e+09	3.312504e+00
2.876787e+09	3.312744e+00
2.876957e+09	3.312734e+00
2.877127e+09	3.312263e+00
2.877297e+09	3.312152e+00
2.877467e+09	3.312128e+00
2.877638e+09	3.311851e+00
2.877808e+09	3.311747e+00
2.877978e+09	3.311428e+00
2.878148e+09	3.310932e+00
2.878318e+09	3.310643e+00
2.878488e+09	3.310699e+00
2.878659e+09	3.310128e+00
2.878829e+09	3.309313e+00
2.878999e+09	3.308591e+00
2.879169e+09	3.307888e+00
2.879339e+09	3.307086e+00
2.879510e+09	3.305545e+00
2.879680e+09	3.303481e+00
2.879850e+09	3.300910e+00
2.880020e+09	3.297981e+00
2.880190e+09	3.294938e+00
2.880360e+09	3.292512e+00
2.880531e+09	3.291536e+00
2.880701e+09	3.293252e+00
2.880871e+09	3.294912e+00
2.881041e+09	3.297570e+00
2.881211e+09	3.298622e+00
2.881381e+09	3.299933e+00
2.881552e+09	3.300238e+00
2.881722e+09	3.299679e+00
2.881892e+09	3.298683e+00
2.882062e+09	3.296965e+00
2.882232e+09	3.293686e+00
2.882402e+09	3.291333e+00
2.882573e+09	3.289442e+00
2.882743e+09	3.289797e+00
2.882913e+09	3.292116e+00
2.883083e+09	3.294502e+00
2.883253e+09	3.297104e+00
2.883423e+09	3.298828e+00
2.883594e+09	3.300046e+00
2.883764e+09	3.300373e+00
2.883934e+09	3.299497e+00
2.884104e+09	3.298205e+00
2.884274e+09	3.296415e+00
2.884444e+09	3.293939e+00
2.884615e+09	3.291412e+00
2.884785e+09	3.290585e+00
2.884955e+09	3.291503e+00
2.885125e+09	3.294573e+00
2.885295e+09	3.297457e+00
2.885465e+09	3.300429e+00
2.885636e+09	3.302181e+00
2.885806e+09	3.304501e+00
2.885976e+09	3.305343e+00
2.886146e+09	3.306594e+00
2.886316e+09	3.307637e+00
2.886486e+09	3.308033e+00
2.886657e+09	3.308963e+00
2.886827e+09	3.308855e+00
2.886997e+09	3.308655e+00
2.887167e+09	3.308455e+00
2.887337e+09	3.308325e+00
2.887508e+09	3.307796e+00
2.887678e+09	3.308762e+00
2.887848e+09	3.309271e+00
2.888018e+09	3.310288e+00
2.888188e+09	3.311047e+00
2.888358e+09	3.311101e+00
2.888529e+09	3.311404e+00
2.888699e+09	3.311916e+00
2.888869e+09	3.312341e+00
2.889039e+09	3.311827e+00
2.889209e+09	3.312561e+00
2.889379e+09	3.312167e+00
2.889550e+09	3.312435e+00
2.889720e+09	3.312599e+00
2.889890e+09	3.312774e+00
2.890060e+09	3.312912e+00
2.890230e+09	3.312858e+00
2.890400e+09	3.312639e+00
2.890571e+09	3.312265e+00
2.890741e+09	3.312531e+00
2.890911e+09	3.312780e+00
2.891081e+09	3.312634e+00
2.891251e+09	3.312806e+00
2.891421e+09	3.312554e+00
2.891592e+09	3.312048e+00
2.891762e+09	3.311843e+00
2.891932e+09	3.311950e+00
2.892102e+09	3.311316e+00
2.892272e+09	3.311196e+00
2.892442e+09	3.311181e+00
2.892613e+09	3.312479e+00
2.892783e+09	3.312227e+00
2.892953e+09	3.312502e+00
2.893123e+09	3.312237e+00
2.893293e+09	3.312699e+00
2.893463e+09	3.312296e+00
2.893634e+09	3.312503e+00
2.893804e+09	3.312096e+00
2.893974e+09	3.312209e+00
2.894144e+09	3.311805e+00
2.894314e+09	3.312271e+00
2.894484e+09	3.311631e+00
2.894655e+09	3.311387e+00
2.894825e+09	3.311260e+00
2.894995e+09	3.310891e+00
2.895165e+09	3.310386e+00
2.895335e+09	3.310131e+00
2.895506e+09	3.309900e+00
2.895676e+09	3.309986e+00
2.895846e+09	3.309236e+00
2.896016e+09	3.308592e+00
2.896186e+09	3.307373e+00
2.896356e+09	3.305971e+00
2.896527e+09	3.303717e+00
2.896697e+09	3.301569e+00
2.896867e+09	3.298568e+00
2.897037e+09	3.295012e+00
2.897207e+09	3.293266e+00
2.897377e+09	3.292858e+00
2.897548e+09	3.294846e+00
2.897718e+09	3.297429e+00
2.897888e+09	3.300249e+00
2.898058e+09	3.301710e+00
2.898228e+09	3.302866e+00
2.898398e+09	3.302659e+00
2.898569e+09	3.301577e+00
2.898739e+09	3.300655e+00
2.898909e+09	3.298986e+00
2.899079e+09	3.296485e+00
2.899249e+09	3.293390e+00
2.899419e+09	3.292402e+00
2.899590e+09	3.293298e+00
2.899760e+09	3.296255e+00
2.899930e+09	3.298990e+00
2.900100e+09	3.300905e+00
2.900270e+09	3.302540e+00
2.900440e+09	3.302829e+00
2.900611e+09	3.303393e+00
2.900781e+09	3.302174e+00
2.900951e+09	3.300825e+00
2.901121e+09	3.298887e+00
2.901291e+09	3.296004e+00
2.901461e+09	3.293760e+00
2.901632e+09	3.292937e+00
2.901802e+09	3.294952e+00
2.901972e+09	3.297969e+00
2.902142e+09	3.300871e+00
2.902312e+09	3.303397e+00
2.902482e+09	3.305742e+00
2.902653e+09	3.306869e+00
2.902823e+09	3.307657e+00
2.902993e+09	3.308184e+00
2.903163e+09	3.308585e+00
2.903333e+09	3.308563e+00
2.903504e+09	3.308333e+00
2.903674e+09	3.308955e+00
2.903844e+09	3.308684e+00
2.904014e+09	3.309207e+00
2.904184e+09	3.308828e+00
2.904354e+09	3.309064e+00
2.904525e+09	3.309200e+00
2.904695e+09	3.309666e+00
2.904865e+09	3.309846e+00
2.905035e+09	3.310257e+00
2.905205e+09	3.310783e+00
2.905375e+09	3.310357e+00
2.905546e+09	3.310269e+00
2.905716e+09	3.309847e+00
2.905886e+09	3.309840e+00
2.906056e+09	3.309240e+00
2.906226e+09	3.309801e+00
2.906396e+09	3.309418e+00
2.906567e+09	3.309186e+00
2.906737e+09	3.308917e+00
2.906907e+09	3.308032e+00
2.907077e+09	3.307254e+00
2.907247e+09	3.306163e+00
2.907417e+09	3.304253e+00
2.907588e+09	3.301915e+00
2.907758e+09	3.299509e+00
2.907928e+09	3.296252e+00
2.908098e+09	3.293612e+00
2.908268e+09	3.294197e+00
2.908438e+09	3.295946e+00
2.908609e+09	3.298473e+00
2.908779e+09	3.300833e+00
2.908949e+09	3.302828e+00
2.909119e+09	3.303785e+00
2.909289e+09	3.304382e+00
2.909459e+09	3.303306e+00
2.909630e+09	3.302463e+00
2.909800e+09	3.300016e+00
2.909970e+09	3.297733e+00
2.910140e+09	3.295008e+00
2.910310e+09	3.293315e+00
2.910480e+09	3.294583e+00
2.910651e+09	3.297142e+00
2.910821e+09	3.300212e+00
2.910991e+09	3.302098e+00
2.911161e+09	3.303460e+00
2.911331e+09	3.304314e+00
2.911502e+09	3.304300e+00
2.911672e+09	3.303186e+00
2.911842e+09	3.302230e+00
2.912012e+09	3.300287e+00
2.912182e+09	3.297780e+00
2.912352e+09	3.295908e+00
2.912523e+09	3.295349e+00
2.912693e+09	3.297041e+00
2.912863e+09	3.299882e+00
2.913033e+09	3.302762e+00
2.913203e+09	3.304659e+00
2.913373e+09	3.306597e+00
2.913544e+09	3.307795e+00
2.913714e+09	3.309003e+00
2.913884e+09	3.309749e+00
2.914054e+09	3.310647e+00
2.914224e+09	3.310820e+00
2.914394e+09	3.311248e+00
2.914565e+09	3.310917e+00
2.914735e+09	3.311030e+00
2.914905e+09	3.310393e+00
2.915075e+09	3.310680e+00
2.915245e+09	3.310561e+00
2.915415e+09	3.311196e+00
2.915586e+09	3.311724e+00
2.915756e+09	3.312234e+00
2.915926e+09	3.312625e+00
2.916096e+09	3.313378e+00
2.916266e+09	3.313212e+00
2.916436e+09	3.313262e+00
2.916607e+09	3.313220e+00
2.916777e+09	3.312981e+00
2.916947e+09	3.313108e+00
2.917117e+09	3.312576e+00
2.917287e+09	3.312465e+00
2.917457e+09	3.312845e+00
2.917628e+09	3.312900e+00
2.917798e+09	3.312958e+00
2.917968e+09	3.313208e+00
2.918138e+09	3.313483e+00
2.918308e+09	3.313533e+00
2.918478e+09	3.313294e+00
2.918649e+09	3.313431e+00
2.918819e+09	3.313534e+00
2.918989e+09	3.313460e+00
2.919159e+09	3.313514e+00
2.919329e+09	3.312917e+00
2.919499e+09	3.312707e+00
2.919670e+09	3.312749e+00
2.919840e+09	3.312802e+00
2.920010e+09	3.312664e+00
2.920180e+09	3.313045e+00
2.920350e+09	3.313295e+00
2.920521e+09	3.313734e+00
2.920691e+09	3.313546e+00
2.920861e+09	3.313569e+00
2.921031e+09	3.313171e+00
2.921201e+09	3.312940e+00
2.921371e+09	3.312669e+00
2.921542e+09	3.312552e+00
2.921712e+09	3.312206e+00
2.921882e+09	3.312431e+00
2.922052e+09	3.311887e+00
2.922222e+09	3.311702e+00
2.922392e+09	3.311168e+00
2.922563e+09	3.311490e+00
2.922733e+09	3.311450e+00
2.922903e+09	3.310710e+00
2.923073e+09	3.310264e+00
2.923243e+09	3.309794e+00
2.923413e+09	3.308973e+00
2.923584e+09	3.307404e+00
2.923754e+09	3.305970e+00
2.923924e+09	3.303652e+00
2.924094e+09	3.301179e+00
2.924264e+09	3.298277e+00
2.924434e+09	3.296607e+00
2.924605e+09	3.296758e+00
2.924775e+09	3.298794e+00
2.924945e+09	3.301098e+00
2.925115e+09	3.303516e+00
2.925285e+09	3.304482e+00
2.925455e+09	3.305852e+00
2.925626e+09	3.305826e+00
2.925796e+09	3.305280e+00
2.925966e+09	3.303737e+00
2.926136e+09	3.301473e+00
2.926306e+09	3.299000e+00
2.926476e+09	3.296245e+00
2.926647e+09	3.295112e+00
2.926817e+09	3.296704e+00
2.926987e+09	3.299578e+00
2.927157e+09	3.302474e+00
2.927327e+09	3.304324e+00
2.927497e+09	3.305750e+00
2.927668e+09	3.305802e+00
2.927838e+09	3.306067e+00
2.928008e+09	3.304543e+00
2.928178e+09	3.303527e+00
2.928348e+09	3.301441e+00
2.928519e+09	3.299390e+00
2.928689e+09	3.297430e+00
2.928859e+09	3.297452e+00
2.929029e+09	3.299253e+00
2.929199e+09	3.302250e+00
2.929369e+09	3.304961e+00
2.929540e+09	3.307363e+00
2.929710e+09	3.308901e+00
2.929880e+09	3.309439e+00
2.930050e+09	3.310792e+00
2.930220e+09	3.311373e+00
2.930390e+09	3.311468e+00
2.930561e+09	3.311874e+00
2.930731e+09	3.312157e+00
2.930901e+09	3.311945e+00
2.931071e+09	3.312298e+00
2.931241e+09	3.312191e+00
2.931411e+09	3.312130e+00
2.931582e+09	3.312787e+00
2.931752e+09	3.313094e+00
2.931922e+09	3.313470e+00
2.932092e+09	3.313228e+00
2.932262e+09	3.314154e+00
2.932432e+09	3.314082e+00
2.932603e+09	3.314342e+00
2.932773e+09	3.314367e+00
2.932943e+09	3.314198e+00
2.933113e+09	3.314168e+00
2.933283e+09	3.314134e+00
2.933453e+09	3.314116e+00
2.933624e+09	3.314189e+00
2.933794e+09	3.314548e+00
2.933964e+09	3.314436e+00
2.934134e+09	3.314650e+00
2.934304e+09	3.314934e+00
2.934474e+09	3.314521e+00
2.934645e+09	3.315045e+00
2.934815e+09	3.315167e+00
2.934985e+09	3.315001e+00
2.935155e+09	3.314682e+00
2.935325e+09	3.314439e+00
2.935495e+09	3.314517e+00
2.935666e+09	3.314339e+00
2.935836e+09	3.314844e+00
2.936006e+09	3.314412e+00
2.936176e+09	3.315316e+00
2.936346e+09	3.315648e+00
2.936517e+09	3.315742e+00
2.936687e+09	3.315674e+00
2.936857e+09	3.315811e+00
2.937027e+09	3.316092e+00
2.937197e+09	3.315416e+00
2.937367e+09	3.315144e+00
2.937538e+09	3.315413e+00
2.937708e+09	3.315094e+00
2.937878e+09	3.315191e+00
2.938048e+09	3.315704e+00
2.938218e+09	3.315607e+00
2.938388e+09	3.316011e+00
2.938559e+09	3.316168e+00
2.938729e+09	3.315986e+00
2.938899e+09	3.315284e+00
2.939069e+09	3.316018e+00
2.939239e+09	3.315161e+00
2.939409e+09	3.315576e+00
2.939580e+09	3.315506e+00
2.939750e+09	3.315087e+00
2.939920e+09	3.315611e+00
2.940090e+09	3.315748e+00
2.940260e+09	3.315466e+00
2.940430e+09	3.315525e+00
2.940601e+09	3.315530e+00
2.940771e+09	3.315962e+00
2.940941e+09	3.315220e+00
2.941111e+09	3.315801e+00
2.941281e+09	3.315517e+00
2.941451e+09	3.315730e+00
2.941622e+09	3.315412e+00
2.941792e+09	3.315765e+00
2.941962e+09	3.315630e+00
2.942132e+09	3.315668e+00
2.942302e+09	3.316024e+00
2.942472e+09	3.315437e+00
2.942643e+09	3.315623e+00
2.942813e+09	3.315613e+00
2.942983e+09	3.315961e+00
2.943153e+09	3.316025e+00
2.943323e+09	3.315914e+00
2.943493e+09	3.315936e+00
2.943664e+09	3.316009e+00
2.943834e+09	3.315898e+00
2.944004e+09	3.315907e+00
2.944174e+09	3.315907e+00
2.944344e+09	3.315945e+00
2.944515e+09	3.315298e+00
2.944685e+09	3.315552e+00
2.944855e+09	3.315802e+00
2.945025e+09	3.315607e+00
2.945195e+09	3.315947e+00
2.945365e+09	3.315876e+00
2.945536e+09	3.315627e+00
2.945706e+09	3.315605e+00
2.945876e+09	3.315984e+00
2.946046e+09	3.315644e+00
2.946216e+09	3.315977e+00
2.946386e+09	3.315988e+00
2.946557e+09	3.315413e+00
2.946727e+09	3.315698e+00
2.946897e+09	3.315188e+00
2.947067e+09	3.315660e+00
2.947237e+09	3.315278e+00
2.947407e+09	3.315810e+00
2.947578e+09	3.315599e+00
2.947748e+09	3.315793e+00
2.947918e+09	3.315585e+00
2.948088e+09	3.315954e+00
2.948258e+09	3.315676e+00
2.948428e+09	3.315328e+00
2.948599e+09	3.315467e+00
2.948769e+09	3.315184e+00
2.948939e+09	3.315455e+00
2.949109e+09	3.315251e+00
2.949279e+09	3.315066e+00
2.949449e+09	3.315096e+00
2.949620e+09	3.315394e+00
2.949790e+09	3.315704e+00
2.949960e+09	3.315363e+00
2.950130e+09	3.315569e+00
2.950300e+09	3.315621e+00
2.950470e+09	3.315490e+00
2.950641e+09	3.315842e+00
2.950811e+09	3.315300e+00
2.950981e+09	3.315364e+00
2.951151e+09	3.315333e+00
2.951321e+09	3.315431e+00
2.951491e+09	3.315520e+00
2.951662e+09	3.315598e+00
2.951832e+09	3.315568e+00
2.952002e+09	3.316237e+00
2.952172e+09	3.315637e+00
2.952342e+09	3.315741e+00
2.952513e+09	3.315760e+00
2.952683e+09	3.315785e+00
2.952853e+09	3.315621e+00
2.953023e+09	3.315946e+00
2.953193e+09	3.315736e+00
2.953363e+09	3.315286e+00
2.953534e+09	3.315188e+00
2.953704e+09	3.315441e+00
2.953874e+09	3.315385e+00
2.954044e+09	3.315050e+00
2.954214e+09	3.315408e+00
2.954384e+09	3.315424e+00
2.954555e+09	3.315632e+00
2.954725e+09	3.315544e+00
2.954895e+09	3.315787e+00
2.955065e+09	3.316065e+00
2.955235e+09	3.315314e+00
2.955405e+09	3.316156e+00
2.955576e+09	3.315858e+00
2.955746e+09	3.315428e+00
2.955916e+09	3.315918e+00
2.956086e+09	3.315674e+00
2.956256e+09	3.315563e+00
2.956426e+09	3.315495e+00
2.956597e+09	3.315523e+00
2.956767e+09	3.315621e+00
2.956937e+09	3.315612e+00
2.957107e+09	3.315618e+00
2.957277e+09	3.315677e+00
2.957447e+09	3.315432e+00
2.957618e+09	3.315702e+00
2.957788e+09	3.315294e+00
2.957958e+09	3.315726e+00
2.958128e+09	3.315649e+00
2.958298e+09	3.315573e+00
2.958468e+09	3.315523e+00
2.958639e+09	3.315278e+00
2.958809e+09	3.315731e+00
2.958979e+09	3.315709e+00
2.959149e+09	3.315646e+00
2.959319e+09	3.315331e+00
2.959489e+09	3.315618e+00
2.959660e+09	3.315200e+00
2.959830e+09	3.315117e+00
2.960000e+09	3.314665e+00
